0.000000000000000000e+00,0.000000000000000000e+00,0.000000000000000000e+00,0.000000000000000000e+00,0.000000000000000000e+00,0.000000000000000000e+00,0.000000000000000000e+00,0.000000000000000000e+00,0.000000000000000000e+00,0.000000000000000000e+00,0.000000000000000000e+00,0.000000000000000000e+00,0.000000000000000000e+00,0.000000000000000000e+00,0.000000000000000000e+00,0.000000000000000000e+00,0.000000000000000000e+00,0.000000000000000000e+00,0.000000000000000000e+00,0.000000000000000000e+00,0.000000000000000000e+00,0.000000000000000000e+00,0.000000000000000000e+00,0.000000000000000000e+00,0.000000000000000000e+00,0.000000000000000000e+00,0.000000000000000000e+00,0.000000000000000000e+00,0.000000000000000000e+00,0.000000000000000000e+00,0.000000000000000000e+00,0.000000000000000000e+00,0.000000000000000000e+00,0.000000000000000000e+00,0.000000000000000000e+00,0.000000000000000000e+00,0.000000000000000000e+00,0.000000000000000000e+00,0.000000000000000000e+00,0.000000000000000000e+00,0.000000000000000000e+00,0.000000000000000000e+00,0.000000000000000000e+00,0.000000000000000000e+00,0.000000000000000000e+00,0.000000000000000000e+00,0.000000000000000000e+00,0.000000000000000000e+00,0.000000000000000000e+00,0.000000000000000000e+00,0.000000000000000000e+00,0.000000000000000000e+00,0.000000000000000000e+00,0.000000000000000000e+00,0.000000000000000000e+00,0.000000000000000000e+00,0.000000000000000000e+00,0.000000000000000000e+00,0.000000000000000000e+00,0.000000000000000000e+00,0.000000000000000000e+00,0.000000000000000000e+00,0.000000000000000000e+00,0.000000000000000000e+00,0.000000000000000000e+00
0.000000000000000000e+00,3.381584389585801269e-12,6.206964764461164414e-12,8.545518596602620714e-12,1.045872675851128980e-11,1.200099439033529872e-11,1.322040279652048464e-11,1.415939517534368392e-11,1.485539942145379630e-11,1.534139154994289466e-11,1.564640348609676811e-11,1.579597906617136499e-11,1.581258211767495547e-11,1.571596044718558044e-11,1.552346947245155548e-11,1.525035910450323865e-11,1.491002732438965915e-11,1.451424371619707919e-11,1.407334602024546574e-11,1.359641256371947434e-11,1.309141321540567838e-11,1.256534130073280992e-11,1.202432870622821480e-11,1.147374620140670897e-11,1.091829081301329746e-11,1.036206190293699187e-11,9.808627428069860828e-12,9.261081698587475737e-12,8.722095800958750558e-12,8.193961713572035902e-12,7.678631016105074997e-12,7.177748978407559224e-12,6.692684710316396671e-12,6.224557959990667156e-12,5.774263064469480512e-12,5.342490481600949008e-12,4.929746266617177938e-12,4.536369798771505394e-12,4.162550012949562845e-12,3.808340347357375348e-12,3.473672580647634553e-12,3.158369699559184455e-12,2.862157910741708459e-12,2.584677887376345628e-12,2.325495321982204669e-12,2.084110840955280610e-12,1.859969323495673318e-12,1.652468657255437386e-12,1.460967954933838127e-12,1.284795249845140342e-12,1.123254683905638882e-12,9.756331982802656403e-13,8.412067348727829343e-13,7.192459557394340538e-13,6.090214871799214062e-13,5.098086955573826499e-13,4.208920026851177116e-13,3.415687497724495130e-13,2.711526203401705231e-13,2.089766341053547562e-13,1.543957255151944897e-13,1.067889223097332437e-13,6.556114115344810312e-14,3.014461894289259174e-14,0.000000000000000000e+00
0.000000000000000000e+00,9.179118437680137638e-12,1.684842736500127303e-11,2.319623118866296009e-11,2.838940638346954977e-11,3.257562828499036070e-11,3.588541085600849492e-11,3.843396702104766152e-11,4.032289834675991135e-11,4.164172368391162235e-11,4.246925691862353584e-11,4.287484425620729209e-11,4.291947152478181491e-11,4.265675187713084093e-11,4.213380402255032598e-11,4.139203076584818248e-11,4.046780719433545202e-11,3.939308735799586324e-11,3.819593775212559934e-11,3.690100535168204940e-11,3.552992737575157108e-11,3.410168938995938761e-11,3.263293779319213315e-11,3.113825218974623134e-11,2.963038262441409350e-11,2.812045616013300664e-11,2.661815680853624534e-11,2.513188238494993900e-11,2.366888145209123178e-11,2.223537314129386448e-11,2.083665229626361123e-11,1.947718207146174099e-11,1.816067583416046642e-11,1.689016996468007337e-11,1.566808892176124572e-11,1.449630373777598194e-11,1.337618492976987447e-11,1.230865065536483540e-11,1.129421080552626751e-11,1.033300760734602546e-11,9.424853207588616334e-12,8.569264620149831754e-12,7.765496346222074588e-12,7.012570913386430653e-12,6.309307527696442076e-12,5.654348989822683432e-12,5.046186991348376421e-12,4.483185879284704339e-12,3.963604954876565979e-12,3.485619355932029104e-12,3.047339559477892369e-12,2.646829532832716270e-12,2.282123555598896783e-12,1.951241732066478624e-12,1.652204212624616270e-12,1.383044143569658370e-12,1.141819366817349564e-12,9.266228941426789523e-13,7.355921844022431891e-13,5.669172564881140196e-13,4.188476753021761341e-13,2.896984526341363965e-13,1.778549093118095668e-13,8.177654922642644520e-14,0.000000000000000000e+00
0.000000000000000000e+00,1.860653589380275766e-11,3.415252627346594019e-11,4.701961702044638106e-11,5.754604192478275496e-11,6.603113176209573222e-11,7.273944490809954424e-11,7.790453482536230532e-11,8.173237215701421962e-11,8.440444086327819749e-11,8.608052891794682714e-11,8.690123464410780381e-11,8.699020990135999793e-11,8.645616111999943236e-11,8.539462868116772285e-11,8.388956442674412039e-11,8.201472620174097373e-11,7.983490733052508063e-11,7.740701784499204486e-11,7.478103315045283886e-11,7.200082466057744891e-11,6.910488577859070014e-11,6.612696546608218754e-11,6.309662053756910038e-11,6.003969675942713962e-11,5.697874782422238892e-11,5.393340032168478831e-11,5.092067193940771201e-11,4.795524930192622178e-11,4.504973109681691728e-11,4.221484144040738385e-11,3.945961780217061016e-11,3.679157723378136053e-11,3.421686413342523281e-11,3.174038231516875671e-11,2.936591374363874135e-11,2.709622593235111252e-11,2.493316968614630388e-11,2.287776859067095423e-11,2.093030141112538071e-11,1.909037835507851974e-11,1.735701197671622216e-11,1.572868334927002391e-11,1.420340400561472643e-11,1.277877404135596906e-11,1.145203668762600433e-11,1.022012958992180445e-11,9.079732972541174354e-12,8.027314823580842827e-12,7.059173201328699581e-12,6.171475737666962687e-12,5.360296396425252985e-12,4.621649533259871713e-12,3.951521297501227170e-12,3.345898414548949806e-12,2.800794388954066722e-12,2.312273172566815933e-12,1.876470348386974966e-12,1.489611888456537272e-12,1.148030552773505111e-12,8.481800053395999190e-13,5.866467326976364113e-13,3.601598593357949729e-13,1.655989628491345421e-13,0.000000000000000000e+00
0.000000000000000000e+00,3.338108617880240357e-11,6.127118145084276202e-11,8.435483632620070189e-11,1.032387764237219002e-10,1.184599801010550644e-10,1.304930787317693739e-10,1.397571069898563176e-10,1.466216348126544484e-10,1.514123157716432885e-10,1.544158885279452338e-10,1.558846690663137864e-10,1.560405716487482531e-10,1.550786960490205254e-10,1.531705177477543236e-10,1.504667164934480959e-10,1.470996770628226378e-10,1.431856942654442306e-10,1.388269123020110876e-10,1.341130265613957379e-10,1.291227738771726498e-10,1.239252351999316490e-10,1.185809726095826209e-10,1.131430206177259654e-10,1.076577498139646889e-10,1.021656191065067082e-10,9.670183110713647485e-11,9.129690362051540410e-11,8.597716872158453545e-11,8.076520954389515331e-11,7.568024365513770353e-11,7.073846076152238471e-11,6.595332145614571159e-11,6.133582280328067330e-11,5.689473572507548944e-11,5.263681842340405817e-11,4.856700942120157526e-11,4.468860323804416033e-11,4.100341121745960366e-11,3.751190959208279467e-11,3.421337650105962944e-11,3.110601935610002485e-11,2.818709368261832224e-11,2.545301433519010025e-11,2.289945979713033086e-11,2.052147011784088617e-11,1.831353891447319867e-11,1.626969976263255882e-11,1.438360722085585780e-11,1.264861267235220384e-11,1.105783512221663748e-11,9.604227056559871913e-12,8.280635449532203053e-12,7.079857993125355387e-12,5.994694621182664083e-12,5.017994401726329799e-12,4.142697879177000866e-12,3.361874959123210571e-12,2.668758441958220710e-12,2.056773327036502341e-12,1.519562025216131830e-12,1.051005634061516709e-12,6.452414459878212395e-13,2.966768747265690139e-13,0.000000000000000000e+00
0.000000000000000000e+00,5.590235624554281195e-11,1.026086464317205821e-10,1.412649633424860555e-10,1.728871944658483002e-10,1.983745238640483005e-10,2.185218031944673434e-10,2.340308373758204676e-10,2.455206376253585938e-10,2.535366997282744960e-10,2.585593686779775287e-10,2.610113525468775539e-10,2.612644488804944387e-10,2.596455462910082179e-10,2.564419624693012601e-10,2.519061777196401237e-10,2.462600205069727126e-10,2.396983585293649401e-10,2.323923456032685736e-10,2.244922712748221676e-10,2.161300566276346516e-10,2.074214363135379980e-10,1.984678634417855860e-10,1.893581706671791405e-10,1.801700176519719327e-10,1.709711520650155671e-10,1.618205084421346798e-10,1.527691665758396148e-10,1.438611886365571204e-10,1.351343519538830341e-10,1.266207923035367333e-10,1.183475706497223924e-10,1.103371745770822449e-10,1.026079641034432226e-10,9.517457018480059598e-11,8.804825299742974494e-11,8.123722599800739631e-11,7.474695081033546458e-11,6.858040715579359377e-11,6.273834132330350364e-11,5.721949605296600677e-11,5.202082417567995545e-11,4.713768789951260771e-11,4.256404525350981807e-11,3.829262488274913950e-11,3.431509012714018708e-11,3.062219310379360152e-11,2.720391934233031946e-11,2.404962338857888727e-11,2.114815568950030020e-11,1.848798099628688955e-11,1.605728846924613495e-11,1.384409363365652539e-11,1.183633231699158753e-11,1.002194669190029655e-11,8.388963553543509933e-12,6.925564972102891459e-12,5.620151479514542647e-12,4.461397972021434893e-12,3.438302535458346846e-12,2.540228426971754900e-12,1.756939473975149963e-12,1.078629177569077729e-12,4.959438325601815863e-13,0.000000000000000000e+00
0.000000000000000000e+00,8.948600644949590396e-11,1.642504637465611511e-10,2.261273930721074661e-10,2.767426339145291083e-10,3.175354075723841824e-10,3.497780772500343146e-10,3.745941769389822691e-10,3.929747928768824978e-10,4.057933896233566018e-10,4.138191780696815940e-10,4.177291254890683080e-10,4.181187084645548200e-10,4.155115085820896980e-10,4.103677484817384270e-10,4.030918625115836046e-10,3.940391920801175759e-10,3.835218910709555241e-10,3.718141215538916936e-10,3.591566146547978796e-10,3.457606659639417108e-10,3.318116293751343622e-10,3.174719678435541308e-10,3.028839142970165854e-10,2.881717908874010780e-10,2.734440299657480030e-10,2.587949356347483694e-10,2.443062204946019681e-10,2.300483482630285708e-10,2.160817093211856139e-10,2.024576529124798195e-10,1.892193966942755977e-10,1.764028316033721819e-10,1.640372375321097374e-10,1.521459231084382001e-10,1.407468009141765607e-10,1.298529077441072002e-10,1.194728779872116029e-10,1.096113768829163293e-10,1.002694992526000290e-10,9.144513831325517478e-11,8.313332833018481593e-11,7.532656414390359695e-11,6.801509999883080934e-11,6.118722959472377773e-11,5.482954886400003439e-11,4.892720263790641758e-11,4.346411609183794935e-11,3.842321164574256516e-11,3.378661183125932598e-11,2.953582851557181853e-11,2.565193878635681050e-11,2.211574774676536480e-11,1.890793843891363088e-11,1.600920910427018792e-11,1.340039799555876610e-11,1.106259597376606972e-11,8.977247152421509762e-12,7.126237886728914722e-12,5.491974444971581393e-12,4.057449741769026729e-12,2.806299555409893695e-12,1.722848693047655531e-12,7.921476066785469512e-13,0.000000000000000000e+00
0.000000000000000000e+00,1.386662274372489877e-10,2.545185227056711703e-10,3.503977778546858180e-10,4.288227362723130806e-10,4.920233166444264807e-10,5.419711547771108249e-10,5.804074739992931140e-10,6.088684128799570372e-10,6.287079518220330733e-10,6.411185883307978934e-10,6.471499151407397328e-10,6.477252565835111924e-10,6.436565171769957674e-10,6.356573929284821124e-10,6.243550907238749037e-10,6.103006948112311245e-10,5.939783121166795721e-10,5.758131202405465435e-10,5.561784337129853360e-10,5.354018956432124350e-10,5.137708934406697619e-10,4.915372889545465500e-10,4.689215452770570389e-10,4.461163246686496684e-10,4.232896246520220504e-10,4.005875123306125311e-10,3.781365104455739303e-10,3.560456826093389821e-10,3.344084595497989397e-10,3.133042430639778127e-10,2.927998197042481756e-10,2.729506119882508197e-10,2.538017911164164156e-10,2.353892717756991144e-10,2.177406065802364551e-10,2.008757950230552729e-10,1.848080194610660594e-10,1.695443186016766388e-10,1.550862071770891252e-10,1.414302489561347201e-10,1.285685889288490852e-10,1.164894493825821631e-10,1.051775936484923123e-10,9.461476051332051765e-11,8.478007164475321720e-11,7.565041385206068458e-11,6.720079758148222388e-11,5.940469271372452351e-11,5.223434247623606347e-11,4.566105609409791718e-11,3.965548067027196947e-11,3.418785269943485946e-11,2.922822957170764214e-11,2.474670140610034793e-11,2.071358356219501826e-11,1.709959020693272709e-11,1.387598935651095161e-11,1.101473986706026277e-11,8.488610908235989195e-12,6.271284517868555749e-12,4.337441900561538941e-12,2.662834196176342548e-12,1.224338503441831435e-12,0.000000000000000000e+00
0.000000000000000000e+00,2.095837178026784712e-10,3.846830407980919858e-10,5.295898929761445116e-10,6.481100689640849611e-10,7.436134437701932791e-10,8.190799990166084262e-10,8.771418310089097289e-10,9.201213332953385160e-10,9.500657658395844571e-10,9.687784354774236232e-10,9.778467190662071368e-10,9.786671626637788844e-10,9.724678880721974344e-10,9.603285329302389284e-10,9.431979429153647076e-10,9.219098251106679979e-10,8.971965607119292721e-10,8.697013634263215440e-10,8.399889575125769402e-10,8.085549367365877612e-10,7.758339528177261494e-10,7.422068694225629773e-10,7.080070055862901241e-10,6.735255807333714106e-10,6.390164623221166097e-10,6.047003066200848297e-10,5.707681732733606864e-10,5.373846851877533972e-10,5.046907968034435387e-10,4.728062261125436344e-10,4.418315987273537866e-10,4.118503459329428564e-10,3.829303929221741468e-10,3.551256682806194712e-10,3.284774612260479248e-10,3.030156490732509467e-10,2.787598138499611577e-10,2.557202638932892749e-10,2.338989735689708947e-10,2.132904519392218674e-10,1.938825492223351351e-10,1.756572082032117112e-10,1.585911663360133336e-10,1.426566130972337155e-10,1.278218061716156786e-10,1.140516492583355865e-10,1.013082336472072348e-10,8.955134521282377271e-11,7.873893808937106057e-11,6.882757600292779886e-11,5.977284203609974191e-11,5.152971746803574794e-11,4.405293025916738012e-11,3.729727372360812523e-11,3.121789594363064322e-11,2.577056052163451703e-11,2.091187932823001464e-11,1.659951798405838055e-11,1.279237490214222769e-11,9.450734812020694890e-12,6.536397782446644820e-12,4.012784852377281704e-12,1.845021467285598690e-12,0.000000000000000000e+00
0.000000000000000000e+00,3.104791110551767281e-10,5.698680279800386241e-10,7.845217191482284516e-10,9.600762883303932921e-10,1.101523094108398532e-09,1.213276707609900702e-09,1.299236950193444678e-09,1.362845293284891802e-09,1.407135931547790199e-09,1.434781859320247266e-09,1.448136290415480974e-09,1.449269764431320141e-09,1.440003279947089518e-09,1.421937787552734285e-09,1.396480364556583414e-09,1.364867379325168866e-09,1.328184937270256148e-09,1.287386883152589417e-09,1.243310616158879284e-09,1.196690955578110269e-09,1.148172276227146921e-09,1.098319114354873646e-09,1.047625426828506959e-09,9.965226691623810826e-10,9.453868415277262482e-10,8.945446363824798446e-10,8.442788068497785667e-10,7.948328614901876451e-10,7.464151786708949052e-10,6.992026223297766455e-10,6.533437305431900798e-10,6.089615389003377898e-10,5.661560922220895989e-10,5.250066905884025925e-10,4.855739089021309992e-10,4.479014232603655666e-10,4.120176721690684693e-10,3.779373760631832862e-10,3.456629346247855165e-10,3.151857179691029907e-10,2.864872648383865138e-10,2.595403984547068695e-10,2.343102685865562178e-10,2.107553266350975461e-10,1.888282391026055319e-10,1.684767436294422436e-10,1.496444508420665385e-10,1.322715945113279788e-10,1.162957319492848135e-10,1.016523961483257811e-10,8.827570086581632264e-11,7.609889966046865950e-11,6.505489977528569364e-11,5.507673172031072432e-11,4.609797542260121300e-11,3.805314386847910922e-11,3.087802525341028788e-11,2.450998476834143807e-11,1.888822727971930837e-11,1.395402229652294111e-11,9.650892755254868667e-12,5.924769287623929669e-12,2.724111761090138096e-12,0.000000000000000000e+00
0.000000000000000000e+00,4.523152244711924540e-10,8.301931085482862409e-10,1.142886710452023801e-09,1.398603912400828815e-09,1.604614977038061606e-09,1.767351185178744329e-09,1.892494901540961233e-09,1.985061474422323761e-09,2.049473417723015679e-09,2.089627351295999631e-09,2.108954190705406902e-09,2.110473082224754496e-09,2.096839575194855874e-09,2.070388513350338841e-09,2.033172110869525654e-09,1.986993658966194788e-09,1.933437285912866699e-09,1.873894168390074705e-09,1.809585565779667096e-09,1.741583022117436690e-09,1.670826053431877330e-09,1.598137611560782208e-09,1.524237589605577245e-09,1.449754609226882407e-09,1.375236306209223574e-09,1.301158308274520062e-09,1.227932078101843708e-09,1.155911774971092870e-09,1.085400270413300543e-09,1.016654436714024322e-09,9.498898120500138055e-10,8.852847323959878348e-10,8.229840080573585370e-10,7.631022116948978343e-10,7.057266349305586059e-10,6.509199619772592316e-10,5.987227011343752352e-10,5.491554083497399559e-10,5.022207312835436981e-10,4.579052973380252292e-10,4.161814648600823122e-10,3.770089531074644443e-10,3.403363635224212560e-10,3.061026023141593688e-10,2.742382122524566633e-10,2.446666198638614586e-10,2.173053028480208458e-10,1.920668814492601871e-10,1.688601366858745376e-10,1.475909577198300248e-10,1.281632202093694661e-10,1.104795971971448079e-10,9.444230392067415258e-11,7.995377786724681977e-11,6.691729541140925957e-11,5.523752645212012851e-11,4.482102859272710424e-11,3.557668256650366290e-11,2.741607079148190164e-11,2.025380113041940690e-11,1.400777812589176819e-11,8.599424169087108723e-12,3.953853237331449037e-12,0.000000000000000000e+00
0.000000000000000000e+00,6.495552191153650609e-10,1.192201389850716096e-09,1.641218581122146733e-09,2.008389204558836046e-09,2.304151807054555162e-09,2.537742146483583902e-09,2.717322040016302354e-09,2.850096559914692751e-09,2.942420212979953481e-09,2.999892779840892269e-09,3.027445512416054755e-09,3.029418395190812425e-09,3.009629171119926761e-09,2.971434818373824449e-09,2.917786141870964137e-09,2.851276115387310637e-09,2.774182577562554276e-09,2.688505849659599228e-09,2.596001805603424748e-09,2.498210886566294937e-09,2.396483513954688576e-09,2.292002316719476489e-09,2.185801551958431286e-09,2.078784062200266952e-09,1.971736078848944230e-09,1.865340149237467418e-09,1.760186434735751404e-09,1.656782599459385091e-09,1.555562483369953707e-09,1.456893729935191217e-09,1.361084516989826567e-09,1.268389519938972406e-09,1.179015218890281099e-09,1.093124645587744041e-09,1.010841652038526137e-09,9.322547703566169099e-10,8.574207224729228477e-10,7.863676288587514552e-10,7.190979571586012393e-10,6.555912445116068941e-10,5.958066212466699275e-10,5.396851584573441114e-10,4.871520575985815577e-10,4.381186966044583601e-10,3.924845440179007159e-10,3.501389501700290624e-10,3.109628224758487452e-10,2.748301903588273719e-10,2.416096641200254253e-10,2.111657911749566996e-10,1.833603124455764756e-10,1.580533212738152754e-10,1.351043269792744219e-10,1.143732250842709076e-10,9.572117624507681378e-11,7.901139603352626199e-11,6.410985788558707336e-11,5.088591175349999364e-11,3.921282124850093995e-11,2.896822232719886746e-11,2.003450684354538672e-11,1.229913454916510670e-11,5.654877368336674780e-12,0.000000000000000000e+00
0.000000000000000000e+00,9.211276809556047530e-10,1.690630254401040153e-09,2.327327818995554452e-09,2.847921719003252775e-09,3.267211611301665751e-09,3.598294638739029724e-09,3.852747391008773757e-09,4.040791455819389430e-09,4.171443450578616648e-09,4.252650482187727139e-09,4.291412014644894415e-09,4.293889135267414174e-09,4.265502204257870929e-09,4.211017852416269366e-09,4.134626260967761723e-09,4.040009618288235287e-09,3.930402602964125206e-09,3.808645692996927582e-09,3.677232048646113332e-09,3.538348662726766266e-09,3.393912418238880306e-09,3.245601639898350986e-09,3.094883674179368901e-09,2.943038982422629423e-09,2.791182183833602943e-09,2.640280440094759538e-09,2.491169531050487910e-09,2.344567931613139075e-09,2.201089163734279865e-09,2.061252663979593587e-09,1.925493376885223588e-09,1.794170256767007319e-09,1.667573835882860501e-09,1.545932994672012402e-09,1.429421050058055812e-09,1.318161260340662707e-09,1.212231829843987062e-09,1.111670483067255625e-09,1.016478666425981557e-09,9.266254256159041297e-10,8.420509980180634764e-10,7.626701522417518562e-10,6.883753007310883911e-10,6.190394062077814062e-10,5.545186984661036344e-10,4.946552145627055002e-10,4.392791726520187275e-10,3.882111875142705329e-10,3.412643341240736802e-10,2.982460643378987116e-10,2.589599808715262997e-10,2.232074721340729090e-10,1.907892111306808217e-10,1.615065214946202419e-10,1.351626137204044211e-10,1.115636948062987097e-10,9.051995474574563819e-11,7.184643360500384706e-11,5.536377326469007694e-11,4.089885826501224958e-11,2.828535056042347046e-11,1.736412334389217837e-11,7.983599431131024432e-12,0.000000000000000000e+00
0.000000000000000000e+00,1.291613658238394206e-09,2.370589329604484720e-09,3.263298266097114582e-09,3.993148418191455206e-09,4.580887261716107862e-09,5.044879745196562574e-09,5.401362293397911250e-09,5.664673973971232647e-09,5.847466057500183775e-09,5.960891282641173627e-09,6.014774184119179861e-09,6.017763858040895036e-09,5.977470531608446209e-09,5.900587277537899049e-09,5.792998171393603361e-09,5.659874136205659307e-09,5.505757656210703128e-09,5.334637472970566255e-09,5.150014304702340019e-09,4.954958555256235215e-09,4.752160904346735823e-09,4.543976596628865129e-09,4.332464175019905932e-09,4.119419334081747074e-09,3.906404502893138908e-09,3.694774704084482931e-09,3.485700176872738274e-09,3.280186197191957619e-09,3.079090477442409691e-09,2.883138481970714676e-09,2.692936952074996492e-09,2.508985895978230464e-09,2.331689264666854842e-09,2.161364503556587800e-09,1.998251142408948377e-09,1.842518561551711584e-09,1.694273051019994059e-09,1.553564260493470221e-09,1.420391121626069703e-09,1.294707310317063271e-09,1.176426304437720898e-09,1.065426082295350329e-09,9.615534984897999492e-10,8.646283666113421436e-10,7.744472722739444091e-10,6.907871351162380115e-10,6.134085344919412658e-10,5.420588104817468463e-10,4.764749494732414967e-10,4.163862617688718526e-10,3.615168574010077493e-10,3.115879254740831274e-10,2.663198218430100943e-10,2.254339697091818514e-10,1.886545777130372247e-10,1.557101802748719609e-10,1.263350052392402581e-10,1.002701742742562850e-10,7.726474193201682744e-11,5.707657976112438672e-11,3.947311235215792253e-11,2.423191267071686507e-11,1.114116447264325653e-11,0.000000000000000000e+00
0.000000000000000000e+00,1.792694686425323417e-09,3.290217211754646552e-09,4.529142159482555557e-09,5.541942526973875837e-09,6.357407740034984502e-09,7.001027448866078256e-09,7.495342375441356921e-09,7.860263720880904270e-09,8.113362813785859354e-09,8.270132794870970578e-09,8.344224198720861604e-09,8.347656318328500259e-09,8.291006229537307685e-09,8.183577317051486207e-09,8.033549086943236469e-09,7.848109977488443930e-09,7.633574794943885820e-09,7.395488307168295431e-09,7.138716428861366400e-09,6.867526330226887113e-09,6.585656698194157154e-09,6.296379277694314510e-09,6.002552721280260766e-09,5.706669679693271010e-09,5.410897974642950564e-09,5.117116608682343678e-09,4.826947286037741058e-09,4.541782042837108313e-09,4.262807515484240092e-09,3.991026311943280443e-09,3.727275892339028202e-09,3.472245312374921847e-09,3.226490135402484551e-09,2.990445776278988778e-09,2.764439502131502851e-09,2.548701281492671830e-09,2.343373643664368782e-09,2.148520684273613404e-09,1.964136330488448695e-09,1.790151959945146459e-09,1.626443450798623116e-09,1.472837726156882347e-09,1.329118844225989917e-09,1.195033675519269961e-09,1.070297200239602224e-09,9.545974522085143388e-10,8.476001302942927770e-10,7.489528940030694728e-10,6.582893565811344716e-10,5.752327864874802109e-10,4.993995263041497100e-10,4.304021369421063728e-10,3.678522742708643071e-10,3.113633049599588098e-10,2.605526682908470528e-10,2.150439909087723939e-10,1.744689618749737714e-10,1.384689758969502703e-10,1.066965532124458286e-10,7.881654524139259757e-11,5.450713576537758838e-11,3.346064801722345703e-11,1.538416863989261900e-11,0.000000000000000000e+00
0.000000000000000000e+00,2.464904627957082868e-09,4.523895474224075496e-09,6.227221565764900707e-09,7.619508908705009242e-09,8.740331896667852554e-09,9.624738126114260075e-09,1.030372832317840998e-08,1.080469341578210780e-08,1.115181102352004908e-08,1.136640379705896795e-08,1.146726213109668075e-08,1.147093381147147244e-08,1.139198314775059230e-08,1.124322209636667350e-08,1.103591580381568489e-08,1.077996490130735562e-08,1.048406676736902969e-08,1.015585784821576341e-08,9.802038991427521877e-09,9.428485610156311560e-09,9.040344355651489820e-09,8.642117837734176348e-09,8.237738797890623429e-09,7.830635009396694229e-09,7.423786054476447991e-09,7.019773010770347943e-09,6.620821968918441684e-09,6.228842200194226193e-09,5.845459698017914472e-09,5.472046729838126184e-09,5.109747956179597344e-09,4.759503601390457382e-09,4.422070095491072233e-09,4.098038548168977396e-09,3.787851363989133267e-09,3.491817261868257971e-09,3.210124921361128254e-09,2.942855442881995548e-09,2.689993778196381497e-09,2.451439260938952128e-09,2.227015344129348434e-09,2.016478632274510470e-09,1.819527279294167304e-09,1.635808809836086958e-09,1.464927410240527649e-09,1.306450726171196546e-09,1.159916196483819712e-09,1.024836947007206580e-09,9.007072633448989669e-10,7.870076583684215760e-10,6.832095475893019658e-10,5.887795439076491135e-10,5.031833822010251177e-10,4.258894837145008362e-10,3.563721701330507916e-10,2.941145374650730531e-10,2.386110003579777898e-10,1.893695181306138422e-10,1.459135145802837589e-10,1.077835044499322490e-10,7.453844027766211981e-11,4.575679415688908783e-11,2.103738967856450433e-11,0.000000000000000000e+00
0.000000000000000000e+00,3.359731539828062003e-09,6.166104688316249092e-09,8.487552640107575141e-09,1.038486808614038303e-08,1.191197723528331498e-08,1.311665098542424763e-08,1.404115550731891696e-08,1.472284495520587104e-08,1.519469934590882493e-08,1.548581086807621969e-08,1.562182201223250773e-08,1.562531896556736464e-08,1.551618370631404706e-08,1.531190817308786298e-08,1.502787378509655797e-08,1.467759945881564563e-08,1.427296111340273368e-08,1.382438548755439010e-08,1.334102091040786129e-08,1.283088748327061597e-08,1.230100894140756789e-08,1.175752827909567717e-08,1.120580903928346561e-08,1.065052399353304839e-08,1.009573277004256462e-08,9.544949828595313807e-09,9.001204032052828044e-09,8.467090924984541911e-09,7.944818701439158062e-09,7.436248725730953706e-09,6.942931362288567208e-09,6.466137772804838307e-09,6.006888250741970655e-09,5.565977584211504702e-09,5.143997867834642413e-09,4.741359121825806879e-09,4.358308021643692546e-09,3.994944993522536601e-09,3.651239889440837097e-09,3.327046419026151765e-09,3.022115484975929407e-09,2.736107542262106307e-09,2.468604079181376895e-09,2.219118299741159843e-09,1.987105071501559807e-09,1.771970190421839005e-09,1.573079004122315796e-09,1.389764426934824185e-09,1.221334373878245388e-09,1.067078635988985225e-09,9.262752160200805947e-10,7.981961411815557101e-10,6.821127681396343743e-10,5.773005947553524679e-10,4.830435928771668001e-10,3.986380767777971353e-10,3.233961224304307857e-10,2.566485536553096698e-10,1.977475121499712060e-10,1.460686294721512779e-10,1.010128201113799548e-10,6.200771581130852253e-11,2.850876224612239527e-11,0.000000000000000000e+00
0.000000000000000000e+00,4.542118508410664898e-09,8.336012172196954062e-09,1.147411596630534001e-08,1.403856931585314064e-08,1.610225566312345248e-08,1.772975799801934867e-08,1.897823332688218160e-08,1.989820966647599063e-08,2.053430959627531476e-08,2.092590470354592076e-08,2.110770543467783810e-08,2.111029094307661842e-08,2.096058351667110011e-08,2.068227209273867628e-08,2.029618923828382390e-08,1.982064580287408092e-08,1.927172724821710685e-08,1.866355543392361804e-08,1.800851939955762876e-08,1.731747843571094458e-08,1.659994048683430119e-08,1.586421868032788897e-08,1.511756853347891094e-08,1.436630815503500623e-08,1.361592353365004454e-08,1.287116079270198221e-08,1.213610709115098527e-08,1.141426166384756133e-08,1.070859832234983894e-08,1.002162057890541720e-08,9.355410411616039627e-09,8.711671557553630592e-09,8.091768102222585792e-09,7.496759027636746325e-09,6.927429286700195667e-09,6.384317887789831351e-09,5.867743399655018632e-09,5.377827222175903824e-09,4.914514912370138366e-09,4.477595806532022611e-09,4.066721137782303038e-09,3.681420812888558520e-09,3.321118982312009734e-09,2.985148512415091065e-09,2.672764448044743507e-09,2.383156536745900589e-09,2.115460872169764645e-09,1.868770703372566489e-09,1.642146448250526721e-09,1.434624942961289882e-09,1.245227954518711516e-09,1.072969980526595153e-09,9.168653579839359248e-10,7.759347020225592473e-10,6.492106951312252445e-10,5.357432477034972812e-10,4.346040514698549469e-10,3.448905484055624834e-10,2.657293389317943922e-10,1.962790545509300790e-10,1.357327213951363913e-10,8.331964245078868600e-11,3.830682739222795190e-11,0.000000000000000000e+00
0.000000000000000000e+00,6.093414172475530425e-09,1.118288443462659388e-08,1.539230066815362386e-08,1.883178847842234511e-08,2.159909418374511081e-08,2.378085837558740951e-08,2.545378192183021531e-08,2.668568910961317216e-08,2.753649322760395102e-08,2.805907029740360668e-08,2.830004691020583913e-08,2.830050823469440847e-08,2.809663225945029312e-08,2.772025623911746878e-08,2.719938114688018489e-08,2.655861971275699711e-08,2.581959336191006161e-08,2.500128307172529171e-08,2.412033885113621189e-08,2.319135221922000023e-08,2.222709572969410334e-08,2.123873325950522602e-08,2.023600445798774795e-08,1.922738644184402132e-08,1.822023552334259450e-08,1.722091147676589856e-08,1.623488658275206633e-08,1.526684144268742915e-08,1.432074932618745539e-08,1.339995060403681842e-08,1.250721862651995237e-08,1.164481823238081491e-08,1.081455791603959878e-08,1.001783653934155690e-08,9.255685348097517763e-09,8.528805942001305742e-09,7.837604748140039072e-09,7.182224462197706860e-09,6.562572846542819405e-09,5.978349209661222530e-09,5.429068835854243512e-09,4.914085586822572967e-09,4.432612856803844817e-09,3.983743029485245289e-09,3.566465557198726035e-09,3.179683760202994800e-09,2.822230425510805343e-09,2.492882270133948829e-09,2.190373322254307113e-09,1.913407265202278364e-09,1.660668782801992391e-09,1.430833940240382910e-09,1.222579631794343901e-09,1.034592125205373537e-09,8.655747319611710120e-10,7.142546329965477306e-10,5.793888901617361641e-10,4.597696750488602201e-10,3.542287482679757080e-10,2.616412238928046527e-10,1.809286554446206377e-10,1.110614813587514863e-10,5.106086930639107883e-11,0.000000000000000000e+00
0.000000000000000000e+00,8.114824174394280444e-09,1.489241821355533253e-08,2.049761122305403102e-08,2.507696798987739368e-08,2.876062005484302410e-08,3.166395020678455410e-08,3.388913539083155662e-08,3.552655412570309854e-08,3.665606533460474039e-08,3.734816604781390274e-08,3.766503577188270321e-08,3.766147547603476439e-08,3.738574915239936310e-08,3.688033579128757250e-08,3.618259940038726131e-08,3.532538440912027220e-08,3.433754345512345121e-08,3.324440416492975514e-08,3.206818112911018926e-08,3.082833884489430657e-08,2.954191096620872454e-08,2.822378077003486425e-08,2.688692732533074806e-08,2.554264144152990033e-08,2.420071508167400175e-08,2.286960755341531835e-08,2.155659144144881398e-08,2.026788091866083396e-08,1.900874477107774542e-08,1.778360619369822294e-08,1.659613116024265638e-08,1.544930693913586209e-08,1.434551211980394285e-08,1.328657932654237465e-08,1.227385163060444712e-08,1.130823352345857357e-08,1.039023718402053674e-08,9.520024658695008896e-09,8.697446473889084547e-09,7.922077114934209442e-09,7.193247731770498388e-09,6.510076369055608807e-09,5.871495965383202127e-09,5.276280321920968238e-09,4.723068203983598176e-09,4.210385708887766013e-09,3.736667009030278176e-09,3.300273559695819588e-09,2.899511845924928854e-09,2.532649731214825751e-09,2.197931462312117431e-09,1.893591378377813018e-09,1.617866368910371811e-09,1.369007122602860492e-09,1.145288208437669205e-09,9.450170304800434264e-10,7.665416987552226795e-10,6.082578600526276157e-10,4.686145342968513319e-10,3.461190040899277768e-10,2.393408070196142922e-10,1.469148822247184773e-10,6.754392441257225083e-11,0.000000000000000000e+00
0.000000000000000000e+00,1.073141369449447920e-08,1.969408199870304419e-08,2.710576309597204425e-08,3.316015242201636103e-08,3.802928578713533412e-08,4.186575114968713554e-08,4.480471541800662522e-08,4.696577412235139385e-08,4.845463287756225263e-08,4.936463029950365054e-08,4.977811249562293267e-08,4.976766946853714470e-08,4.939724379280025685e-08,4.872312178570173450e-08,4.779481712538893753e-08,4.665585650211825728e-08,4.534447644552044253e-08,4.389423997354164831e-08,4.233458117516419369e-08,4.069128528430473442e-08,3.898691123908009026e-08,3.724116315933510774e-08,3.547121662434257548e-08,3.369200509859989574e-08,3.191647134178830336e-08,3.015578815304898771e-08,2.841955234246658934e-08,2.671595539574135142e-08,2.505193390240641931e-08,2.343330245383384657e-08,2.186487138437276783e-08,2.035055142651280026e-08,1.889344707787807137e-08,1.749594023275496666e-08,1.615976541219603212e-08,1.488607773283045114e-08,1.367551458358812317e-08,1.252825182980764258e-08,1.144405523386149450e-08,1.042232766872156392e-08,9.462152604106638700e-09,8.562334262360239623e-09,7.721434771462109801e-09,6.937808584121053035e-09,6.209634383390515166e-09,5.534944655443578986e-09,4.911653077897084538e-09,4.337579846359149418e-09,3.810475041740489844e-09,3.328040125487946870e-09,2.887947638503260494e-09,2.487859171441703381e-09,2.125441668741980554e-09,1.798382125604777598e-09,1.504400735748228872e-09,1.241262547728897975e-09,1.006787688573831687e-09,7.988602151265218203e-10,6.154356556047931845e-10,4.545473061851280673e-10,3.143113497771454863e-10,1.929308663815509600e-10,8.869880640622485452e-11,0.000000000000000000e+00
0.000000000000000000e+00,1.409670817967684573e-08,2.586955432168134146e-08,3.560428555208376715e-08,4.355516395026914842e-08,4.994809827525124069e-08,5.498352772621964138e-08,5.883906580969367612e-08,6.167191431749614258e-08,6.362105884842084683e-08,6.480925829560890457e-08,6.534484133824239723e-08,6.532332328045140686e-08,6.482885662611143997e-08,6.393552861330419051e-08,6.270851859868284190e-08,6.120512771672598951e-08,5.947569267386079054e-08,5.756439490024422373e-08,5.550997559613534361e-08,5.334636649513290839e-08,5.110324543967124457e-08,4.880652513872663823e-08,4.647878276475828672e-08,4.413963735527056943e-08,4.180608132084246828e-08,3.949277173109443724e-08,3.721228645643766757e-08,3.497534968890592756e-08,3.279103085116830297e-08,3.066692042933872025e-08,2.860928583209250018e-08,2.662320998494242137e-08,2.471271501292636084e-08,2.288087304568201954e-08,2.112990589393459499e-08,1.946127509363359254e-08,1.787576359107010699e-08,1.637355014696292328e-08,1.495427736739644969e-08,1.361711412234281877e-08,1.236081298608610469e-08,1.118376322606955989e-08,1.008403977549394613e-08,9.059448548520099574e-09,8.107568393415503627e-09,7.225789926813716021e-09,6.411351449936896707e-09,5.661372113819463004e-09,4.972882474036680615e-09,4.342852555090235953e-09,3.768217529447885478e-09,3.245901105402747613e-09,2.772836710635088323e-09,2.345986553943820783e-09,1.962358645468235405e-09,1.619021855322136960e-09,1.313119091458190576e-09,1.041878679381557627e-09,8.026240287018616530e-10,5.927816741685171287e-10,4.098877815357430637e-10,2.515932111524972917e-10,1.156672344062191891e-10,0.000000000000000000e+00
0.000000000000000000e+00,1.839793402078351757e-08,3.376233524847858324e-08,4.646573640927505973e-08,5.683974504213096173e-08,6.517909708856932383e-08,7.174539141944375438e-08,7.677051542534452353e-08,8.045977432923038540e-08,8.299473875919152671e-08,8.453582642873327099e-08,8.522463459791927992e-08,8.518604040880799013e-08,8.453008627228110746e-08,8.335366729238825882e-08,8.174203730308822122e-08,7.977014950852995790e-08,7.750384700319245848e-08,7.500091763808293012e-08,7.231202682426878554e-08,6.948154095116242515e-08,6.654825316574654617e-08,6.354602232816531875e-08,6.050433504323880313e-08,5.744879977804143796e-08,5.440158122160434811e-08,5.138178223076000463e-08,4.840577994091216562e-08,4.548752190519177087e-08,4.263878746178683545e-08,3.986941891779299980e-08,3.718752657834817012e-08,3.459967114096194241e-08,3.211102651509061887e-08,2.972552571394658969e-08,2.744599209673324094e-08,2.527425791218959128e-08,2.321127180560805209e-08,2.125719669836666689e-08,1.941149922851160006e-08,1.767303175009465414e-08,1.604010772495806364e-08,1.451057120073080315e-08,1.308186095035752446e-08,1.175106974908399049e-08,1.051499918220601154e-08,9.370210308947815905e-09,8.313070452653552243e-09,7.339796343294315919e-09,6.446493803536594691e-09,5.629194142851881675e-09,4.883887404105786838e-09,4.206552592606715641e-09,3.593185007723268059e-09,3.039820791005755628e-09,2.542558801503333334e-09,2.097579927974265706e-09,1.701163948363000018e-09,1.349704048756664874e-09,1.039719116607896930e-09,7.678639259530591834e-10,5.309373353603480477e-10,3.258886221567660721e-10,1.498220789011584284e-10,0.000000000000000000e+00
0.000000000000000000e+00,2.386193292788457838e-08,4.378859280185879242e-08,6.026261321278972517e-08,7.371377092845075369e-08,8.452419833618978547e-08,9.303318815307616848e-08,9.954160299422305803e-08,1.043159056874551746e-07,1.075918286792069474e-07,1.095777025992896220e-07,1.104574651514400152e-07,1.103933720718147098e-07,1.095284320378209130e-07,1.079885871941844992e-07,1.058846604617729374e-07,1.033140900688155409e-07,1.003624708471550456e-07,9.710492081406070347e-08,9.360729045234866005e-08,8.992723094144671606e-08,8.611513640755129640e-08,8.221497407522605184e-08,7.826501503446822687e-08,7.429847720139512404e-08,7.034409095894378068e-08,6.642659692506075557e-08,6.256718431609728995e-08,5.878387745665896305e-08,5.509187713633025570e-08,5.150386272939386644e-08,4.803026027550241341e-08,4.467948106588401966e-08,4.145813468892563448e-08,3.837121995811935318e-08,3.542229667118909223e-08,3.261364072821364808e-08,2.994638476504972572e-08,2.742064613250591755e-08,2.503564376774997386e-08,2.278980525855605107e-08,2.068086518958515262e-08,1.870595567941895523e-08,1.686168986421917214e-08,1.514423895550934950e-08,1.354940339278736785e-08,1.207267852374806428e-08,1.070931517337653656e-08,9.454375405793862896e-09,8.302783737471917525e-09,7.249374025437066313e-09,6.288932227720991188e-09,5.416235214125405175e-09,4.626085792059605857e-09,3.913344103645049658e-09,3.272955545468924702e-09,2.699975360439560082e-09,2.189590051403703269e-09,1.737135767883011999e-09,1.338113819925386139e-09,9.882034761803762196e-10,6.832722065082511011e-10,4.193835323986309003e-10,1.928026509476874513e-10,0.000000000000000000e+00
0.000000000000000000e+00,3.076177280044556727e-08,5.644928592955798389e-08,7.768401760552204764e-08,9.501960045389342238e-08,1.089484815195729497e-07,1.199080647042888751e-07,1.282863511445966677e-07,1.344270973136299607e-07,1.386345138217747198e-07,1.411775301441330960e-07,1.422936519564075537e-07,1.421924385423112904e-07,1.410586279580744300e-07,1.390549374042089199e-07,1.363245656504811307e-07,1.329934234655287033e-07,1.291721168858733891e-07,1.249577068793119090e-07,1.204352675651917025e-07,1.156792636918575842e-07,1.107547665753822677e-07,1.057185262034065545e-07,1.006199157276303586e-07,9.550176312768813001e-08,9.040108344285502988e-08,8.534972364770535006e-08,8.037493100169584391e-08,7.549985453618602443e-08,7.074398825879535035e-08,6.612356365551382822e-08,6.165189815528904071e-08,5.733970538829747022e-08,5.319537231513330779e-08,4.922520762628952609e-08,4.543366520556368385e-08,4.182354591297457639e-08,3.839618046775863200e-08,3.515159579521572919e-08,3.208866683777169059e-08,2.920525551583379154e-08,2.649833825320164845e-08,2.396412325048801915e-08,2.159815849396732726e-08,1.939543132249799858e-08,1.735046023795963360e-08,1.545737953154181049e-08,1.371001720606843077e-08,1.210196660046091733e-08,1.062665206382212572e-08,9.277388981116686753e-09,8.047438417933953950e-09,6.930056626478250453e-09,5.918539637089140428e-09,5.006263147797781969e-09,4.186717917406101839e-09,3.453540864227133384e-09,2.800542071994578799e-09,2.221727905716355795e-09,1.711320442714400559e-09,1.263773427171227436e-09,8.737849597033387301e-10,5.363071363988852920e-10,2.465528540682716077e-10,0.000000000000000000e+00
0.000000000000000000e+00,3.942406375171881761e-08,7.234357968184239543e-08,9.955409393174962161e-08,1.217645901572591845e-07,1.396059465765931965e-07,1.536387402719730414e-07,1.643604176924276775e-07,1.722118557970693429e-07,1.775833424007357931e-07,1.808200072119108610e-07,1.822267369635332795e-07,1.820726090906560070e-07,1.805948787483974868e-07,1.780025537172402911e-07,1.744795910235029772e-07,1.701877480103357615e-07,1.652691192155341813e-07,1.598483888218797953e-07,1.540348267079785063e-07,1.479240542972674360e-07,1.415996045259448230e-07,1.351342983650681760e-07,1.285914584690165791e-07,1.220259787068824356e-07,1.154852665845885668e-07,1.090100738984132593e-07,1.026352293858586353e-07,9.639028566464811210e-08,9.030009137935460485e-08,8.438529820953230696e-08,7.866281123306831224e-08,7.314619008182688963e-08,6.784600737039867661e-08,6.277017001861068384e-08,5.792420831945798954e-08,5.331153692075223522e-08,4.893369128519553416e-08,4.479054266374121151e-08,4.088049415491077010e-08,3.720066002217830127e-08,3.374703009674324669e-08,3.051462079834085155e-08,2.749761405682690955e-08,2.468948520704027257e-08,2.208312075420481835e-08,1.967092676248221854e-08,1.744492850123819383e-08,1.539686188846294752e-08,1.351825719529293694e-08,1.180051541671804509e-08,1.023497766867119092e-08,8.812987938403724751e-09,7.525949491261521213e-09,6.365375220841357249e-09,5.322932219421538852e-09,4.390480840118992764e-09,3.560108520223739169e-09,2.824158635562615698e-09,2.175254657670513384e-09,1.606319888257253510e-09,1.110593048338816942e-09,6.816400019488686825e-10,3.133618961585813285e-10,0.000000000000000000e+00
0.000000000000000000e+00,5.023697046778455172e-08,9.218353618458769407e-08,1.268522189617104880e-07,1.551457424189685111e-07,1.778677063743197749e-07,1.957324432248400131e-07,2.093740792492936826e-07,2.193548307871222141e-07,2.261725705424199925e-07,2.302677030450518186e-07,2.320293907968961982e-07,2.318011740403673881e-07,2.298860275891704325e-07,2.265508979189448253e-07,2.220307628703969697e-07,2.165322549954552925e-07,2.102368878872942419e-07,2.033039228727736567e-07,1.958729112923622539e-07,1.880659453172936951e-07,1.799896479148020705e-07,1.717369302182594880e-07,1.633885422294394551e-07,1.550144405068800490e-07,1.466749943023426000e-07,1.384220495156846294e-07,1.302998678609812400e-07,1.223459567828735384e-07,1.145918039375704707e-07,1.070635284602516508e-07,9.978245977975318359e-08,9.276565341019878326e-08,8.602635194380894458e-08,7.957439838432422891e-08,7.341660799015875665e-08,6.755710393373122008e-08,6.199762132109577616e-08,5.673778344648676495e-08,5.177535357207737919e-08,4.710646501659647678e-08,4.272583190007174559e-08,3.862694251878923780e-08,3.480223700782217953e-08,3.124327068179690712e-08,2.794086422202055863e-08,2.488524169414688002e-08,2.206615723016626547e-08,1.947301108703768305e-08,1.709495569756618581e-08,1.492099225338548158e-08,1.294005830177803213e-08,1.114110679454348780e-08,9.513176995579698074e-09,8.045457631924712012e-09,6.727342658709912071e-09,5.548480000016337079e-09,4.498813623501343134e-09,3.568619305564194805e-09,2.748534444650755319e-09,2.029582282133244370e-09,1.403190892276981752e-09,8.612073044988477206e-10,3.959071219349525964e-10,0.000000000000000000e+00
0.000000000000000000e+00,6.365889121132040297e-08,1.168100267012352705e-07,1.607348669389675277e-07,1.965763940912273536e-07,2.253525060730746716e-07,2.479683918328433483e-07,2.652279153655703215e-07,2.778440448832673330e-07,2.864483703292981838e-07,2.915997572850729180e-07,2.937921885579187730e-07,2.934618466101651680e-07,2.909934907167140641e-07,2.867261825233548123e-07,2.809584126992270273e-07,2.739526797916694097e-07,2.659395703378659178e-07,2.571213868843070694e-07,2.476753679149807462e-07,2.377565408795739431e-07,2.275002466175236904e-07,2.170243705537144808e-07,2.064313131471858989e-07,1.958097292459169587e-07,1.852360632703649448e-07,1.747759045403303625e-07,1.644851845917800576e-07,1.544112360146985639e-07,1.445937301874420691e-07,1.350655092909241253e-07,1.258533261575864036e-07,1.169785038429877315e-07,1.084575252974606747e-07,1.003025621552949222e-07,9.252195044186613567e-08,8.512061991652775813e-08,7.810048281196605389e-08,7.146078688969638056e-08,6.519843699699763504e-08,5.930828867343998671e-08,5.378341680608051842e-08,4.861536186249654766e-08,4.379435583169011565e-08,3.930952966650382063e-08,3.514910374015044787e-08,3.130056259681675063e-08,2.775081508574145477e-08,2.448634081387368943e-08,2.149332372895435049e-08,1.875777354788585016e-08,1.626563567035010754e-08,1.400289016102713840e-08,1.195564034214836522e-08,1.011019150856193877e-08,8.453120257457570002e-09,6.971334912182664019e-09,5.652127512289134534e-09,4.483217838456455797e-09,3.452789939875605030e-09,2.549521631901711931e-09,1.762607432346908788e-09,1.081775404919845438e-09,4.972983774178655032e-10,0.000000000000000000e+00
0.000000000000000000e+00,8.022774959558404177e-08,1.472097657121230457e-07,2.025590131330761304e-07,2.477147774488022104e-07,2.839593753605170935e-07,3.124336038837797176e-07,3.341509611070617911e-07,3.500106824595140317e-07,3.608096450233309887e-07,3.672531986360546855e-07,3.699649867108200371e-07,3.694958221693798598e-07,3.663316849138917918e-07,3.609009071098490728e-07,3.535806114362332571e-07,3.447024655766581291e-07,3.345578137483630392e-07,3.234022431437795359e-07,3.114596399203185275e-07,2.989257859276486202e-07,2.859715438003838233e-07,2.727456744449626940e-07,2.593773273757013865e-07,2.459782408578783615e-07,2.326446854354774509e-07,2.194591811889217535e-07,2.064920160066206466e-07,1.938025892792884379e-07,1.814406027476100749e-07,1.694471177568683243e-07,1.578554958972603354e-07,1.466922379331878583e-07,1.359777340433511624e-07,1.257269366984846277e-07,1.159499659858958014e-07,1.066526558392726313e-07,9.783704843745127067e-08,8.950184298542162587e-08,8.164280417314029973e-08,7.425313481103791781e-08,6.732381645409774663e-08,6.084392123801267487e-08,5.480089765073576074e-08,4.918083254074999740e-08,4.396869131039994733e-08,3.914853794997166690e-08,3.470373632801275393e-08,3.061713395839707533e-08,2.687122930832522364e-08,2.344832358789172343e-08,2.033065786578994764e-08,1.750053628245041876e-08,1.494043607729614062e-08,1.263310510720148912e-08,1.056164750550120835e-08,8.709598112262200680e-09,7.060986294656998984e-09,5.600389769147460038e-09,4.312979033115696288e-09,3.184553011147068827e-09,2.201566519219598607e-09,1.351150147644200864e-09,6.211231599908747873e-10,0.000000000000000000e+00
0.000000000000000000e+00,1.005708179780874389e-07,1.845333179133102187e-07,2.539068702954211137e-07,3.104942012669255609e-07,3.559021233559093502e-07,3.915607144129806969e-07,4.187409831587227728e-07,4.385710739585096997e-07,4.520510742767562691e-07,4.600664961517633806e-07,4.634005083993462001e-07,4.627449994825895590e-07,4.587105524225373035e-07,4.518354130805441893e-07,4.425935318925433313e-07,4.314017569221988915e-07,4.186262531368569104e-07,4.045882192827569056e-07,3.895689698040706215e-07,3.738144450504059920e-07,3.575392086649936519e-07,3.409299866371684363e-07,3.241487981173410969e-07,3.073357237947300336e-07,2.906113534785787147e-07,2.740789505415323889e-07,2.578263671085626543e-07,2.419277403264468195e-07,2.264449967404240033e-07,2.114291887426978911e-07,1.969216842434787603e-07,1.829552281463358134e-07,1.695548918794202713e-07,1.567389251336574356e-07,1.445195220772416619e-07,1.329035126401114407e-07,1.218929879790700552e-07,1.114858679296634635e-07,1.016764171105092724e-07,9.245571535515366471e-08,8.381208729168069985e-08,7.573149515762792194e-08,6.819789831432454338e-08,6.119358239824875719e-08,5.469946060598666697e-08,4.869534924314468767e-08,4.316021936635468449e-08,3.807242610232557881e-08,3.340991703063652929e-08,2.915042086029054268e-08,2.527161750743115413e-08,2.175129058723278224e-08,1.856746326168590116e-08,1.569851833230138055e-08,1.312330342874201849e-08,1.082122211765307759e-08,8.772311737613458379e-09,6.957308753681349792e-09,5.357702416390671681e-09,3.955777503530991869e-09,2.734646917198264604e-09,1.678274902293287469e-09,7.714916449733000342e-10,0.000000000000000000e+00
0.000000000000000000e+00,1.254149613373476324e-07,2.301138740503693548e-07,3.166116768346005872e-07,3.871545075378947867e-07,4.437452803843548754e-07,4.881673648501585286e-07,5.220064109004120115e-07,5.466703830723014855e-07,5.634078794970646317e-07,5.733248219206945516e-07,5.773996096302684610e-07,5.764968343908934866e-07,5.713796554723258383e-07,5.627209339761224049e-07,5.511132243020341728e-07,5.370777180169427463e-07,5.210722318735538000e-07,5.034983274987322531e-07,4.847076455305376945e-07,4.650075318980072808e-07,4.446660286518312550e-07,4.239162963872784031e-07,4.029605299518340736e-07,3.819734238795795011e-07,3.611052389059619489e-07,3.404845160397499980e-07,3.202204800404205567e-07,3.004051697950141393e-07,2.811153290252027394e-07,2.624140869919712735e-07,2.443524554042395913e-07,2.269706645759756544e-07,2.102993590066511157e-07,1.943606699715593830e-07,1.791691803883167744e-07,1.647327951586714470e-07,1.510535283541135112e-07,1.381282170025259821e-07,1.259491698237118962e-07,1.145047580365559577e-07,1.037799543026276655e-07,9.375682496356060045e-08,8.441497995660279511e-08,7.573198413922670063e-08,6.768373320554005880e-08,6.024479692125846655e-08,5.338873202814417490e-08,4.708836686201794151e-08,4.131605948070050149e-08,3.604393090049467501e-08,3.124407488403625205e-08,2.688874560131135762e-08,2.295052439307245049e-08,1.940246679620470398e-08,1.621823093900853325e-08,1.337218837667900854e-08,1.083951840993721695e-08,8.596286909757488827e-09,6.619510655908734156e-09,4.887208184471275046e-09,3.378438127887943935e-09,2.073326019073281402e-09,9.530805175647606531e-10,0.000000000000000000e+00
0.000000000000000000e+00,1.555971583443848071e-07,2.854865325560045137e-07,3.927841745288268634e-07,4.802743604713910260e-07,5.504409777657350902e-07,6.054966028657559995e-07,6.474093217208846186e-07,6.779273663291816306e-07,6.986016580216529692e-07,7.108063606045911815e-07,7.157575551723111413e-07,7.145301538234923191e-07,7.080731721897643172e-07,6.972234810815268354e-07,6.827181560880169366e-07,6.652055410043131814e-07,6.452551368202047472e-07,6.233664229763738133e-07,5.999767119155586375e-07,5.754681318392501443e-07,5.501738262008287237e-07,5.243834519724818216e-07,4.983480522381864986e-07,4.722843722887038961e-07,4.463786822062584925e-07,4.207901629881572158e-07,3.956539076165815508e-07,3.710835831689228663e-07,3.471737951009310232e-07,3.240021902354113600e-07,3.016313307560293574e-07,2.801103676360120984e-07,2.594765384169594126e-07,2.397565110810396857e-07,2.209675929147669686e-07,2.031188207262196216e-07,1.862119465301231564e-07,1.702423308358941225e-07,1.551997539412570684e-07,1.410691541270913449e-07,1.278313003468004395e-07,1.154634058853796439e-07,1.039396885100613332e-07,9.323188182743211758e-08,8.330970188405130149e-08,7.414127248268434151e-08,6.569351221956061044e-08,5.793248586597389895e-08,5.082372240784287315e-08,4.433250180840172047e-08,3.842411236216247238e-08,3.306408035384393389e-08,2.821837361637669541e-08,2.385358049055987405e-08,1.993706561958227961e-08,1.643710395932493883e-08,1.332299434579943815e-08,1.056515393055058588e-08,8.135194770287128719e-09,6.005983835841202356e-09,4.151687685722377333e-09,2.547803029366320389e-09,1.171174383394226528e-09,0.000000000000000000e+00
0.000000000000000000e+00,1.920751227235160587e-07,3.524077623396606338e-07,4.848393289481103847e-07,5.928038211558577199e-07,6.793661387468456729e-07,7.472576028307772921e-07,7.989087420789933805e-07,8.364794310323239259e-07,8.618864875872973472e-07,8.768288524224110579e-07,8.828104840819135494e-07,8.811611103885397173e-07,8.730549804388964861e-07,8.595277622134249884e-07,8.414917293115009970e-07,8.197493769504998528e-07,7.950056025392200137e-07,7.678785801958334897e-07,7.389094518263091322e-07,7.085709500674283256e-07,6.772750607462786039e-07,6.453798246983520591e-07,6.131953709702508812e-07,5.809892657343308168e-07,5.489912537597899171e-07,5.173974620949380128e-07,4.863741287765685668e-07,4.560609129361724133e-07,4.265738366466022204e-07,3.980079032623968493e-07,3.704394318578709201e-07,3.439281426567115989e-07,3.185190240658416471e-07,2.942440080602379658e-07,2.711234771954941141e-07,2.491676234296630282e-07,2.283776761914566549e-07,2.087470147133216042e-07,1.902621775294766096e-07,1.729037801950138979e-07,1.566473506872161857e-07,1.414640905796786550e-07,1.273215689100425385e-07,1.141843546706281308e-07,1.020145930171172487e-07,9.077252959394372489e-08,8.041698679828849099e-08,7.090579533093386397e-08,6.219618399683620187e-08,5.424513040753242136e-08,4.700967498941925589e-08,4.044720050576161492e-08,3.451567914659596877e-08,2.917388912120354062e-08,2.438160259538591898e-08,2.009974674418492277e-08,1.629053963469267511e-08,1.291760260872465043e-08,9.946050797663619927e-09,7.342563368647530173e-09,5.075435069980745057e-09,3.114610612214649830e-09,1.431703388240354537e-09,0.000000000000000000e+00
0.000000000000000000e+00,2.359378137460818282e-07,4.328746593090004751e-07,5.955227595703306075e-07,7.280965561622764404e-07,8.343592336806732794e-07,9.176658853424175551e-07,9.810033859707797030e-07,1.027027071903400153e-06,1.058094353528166794e-06,1.076295405617020228e-06,1.083481094370927701e-06,1.081288308952235571e-06,1.071162870024804724e-06,1.054380189133890332e-06,1.032063851248043949e-06,1.005202288998663878e-06,9.746637115678105832e-07,9.412094442104736487e-07,9.055058264168129618e-07,8.681348080354219148e-07,8.296033735562136316e-07,7.903519154146328365e-07,7.507616678135233107e-07,7.111613033169542085e-07,6.718327854736384760e-07,6.330165620713497764e-07,5.949161753804962305e-07,5.577023579667993277e-07,5.215166753748582784e-07,4.864747702265320594e-07,4.526692560488985675e-07,4.201723034436938830e-07,3.890379560236808626e-07,3.593042088543068023e-07,3.309948779295357934e-07,3.041212854532734844e-07,2.786837823640341268e-07,2.546731266005445603e-07,2.320717330290859197e-07,2.108548087085211528e-07,1.909913852256386581e-07,1.724452581618907498e-07,1.551758423242966177e-07,1.391389501610320177e-07,1.242874997607157273e-07,1.105721579797806583e-07,9.794192353283225922e-08,8.634465429645941278e-08,7.572754259948919082e-08,6.603754188574216904e-08,5.722174782436272242e-08,4.922773669475877479e-08,4.200386367666400541e-08,3.549952352081953273e-08,2.966537595359732363e-08,2.445353807208193150e-08,1.981774590834566599e-08,1.571348727751730835e-08,1.209810796929632444e-08,8.930893293119690106e-09,6.173126940278143802e-09,3.788129079550105423e-09,1.741275554568470998e-09,0.000000000000000000e+00
0.000000000000000000e+00,2.884155907293428824e-07,5.291435469633107029e-07,7.279362611494157464e-07,8.899409242690770129e-07,1.019755733759540797e-06,1.121482084274699981e-06,1.198772814328755004e-06,1.254876623167218548e-06,1.292678804323061021e-06,1.314738466391819098e-06,1.323322428705010655e-06,1.320435990806329199e-06,1.307850780854022635e-06,1.287129890111652637e-06,1.259650499284055983e-06,1.226624198262801861e-06,1.189115194443674197e-06,1.148056596674505635e-06,1.104264952525502291e-06,1.058453206324845170e-06,1.011242234593068804e-06,9.631711044132980230e-07,9.147061891171963347e-07,8.662492646350206483e-07,8.181446991016822735e-07,7.706858379468400711e-07,7.241206768153723566e-07,6.786569053301745145e-07,6.344663959662746343e-07,5.916892041801876222e-07,5.504371384425235672e-07,5.107969519543093512e-07,4.728332015769294903e-07,4.365908138530634032e-07,4.020973929158875109e-07,3.693653005461282800e-07,3.383935346077453551e-07,3.091694285376553260e-07,2.816701914461612228e-07,2.558643056657110017e-07,2.317127962296361968e-07,2.091703847339334317e-07,1.881865382996988993e-07,1.687064228788140710e-07,1.506717689004255298e-07,1.340216562119742072e-07,1.186932243997294407e-07,1.046223138558573424e-07,9.174404237008618885e-08,7.999332154429928905e-08,6.930531694026679585e-08,5.961585555853876581e-08,5.086178399652163908e-08,4.298128043387331368e-08,3.591412343317690691e-08,2.960192041440754446e-08,2.398829855538480137e-08,1.901906078077664281e-08,1.464230942395558469e-08,1.080854007473060010e-08,7.470708058162341946e-09,4.584269922537242098e-09,2.107202246005298546e-09,0.000000000000000000e+00
0.000000000000000000e+00,3.508897336281074601e-07,6.437474113520499837e-07,8.855617155207828262e-07,1.082589085177684349e-06,1.240421283247789782e-06,1.364048184817846804e-06,1.457915866238334538e-06,1.525980125121466735e-06,1.571755600607428728e-06,1.598360692897894254e-06,1.608558502331323890e-06,1.604794022403240613e-06,1.589227829210081757e-06,1.563766512804933960e-06,1.530090094780569483e-06,1.489676671826674805e-06,1.443824517740374500e-06,1.393671867010203367e-06,1.340214592176257487e-06,1.284321975149448289e-06,1.226750759942600125e-06,1.168157661155632284e-06,1.109110489341468982e-06,1.050098041285852762e-06,9.915388904450531270e-07,9.337892004448543541e-07,8.771496727626979175e-07,8.218717285730468610e-07,7.681630142895493115e-07,7.161923106201586379e-07,6.660939159788794668e-07,6.179715668705798646e-07,5.719019503717241796e-07,5.279378570480962874e-07,4.861110165513586629e-07,4.464346526842746617e-07,4.089057898804206545e-07,3.735073387661856038e-07,3.402099847172166730e-07,3.089739000443594917e-07,2.797502976018852729e-07,2.524828411608227880e-07,2.271089257916775623e-07,2.035608397144978910e-07,1.817668175638008927e-07,1.616519937467824405e-07,1.431392635141470898e-07,1.261500584847743728e-07,1.106050426421140088e-07,9.642473422792557397e-08,8.353005847669152734e-08,7.184283574289089541e-08,6.128620925688394433e-08,5.178501648896321740e-08,4.326610789273713395e-08,3.565861662769715889e-08,2.889418271751937852e-08,2.290713497770219641e-08,1.763463393722996621e-08,1.301677887888601206e-08,8.996682027465886019e-09,5.520512821197534338e-09,2.537515106682937991e-09,0.000000000000000000e+00
0.000000000000000000e+00,4.249010209616895974e-07,7.795116042191764109e-07,1.072282615608676209e-06,1.310783179894310389e-06,1.501781502894392241e-06,1.651320038896103708e-06,1.764785088829134861e-06,1.846970975736335605e-06,1.902138991931317229e-06,1.934071348506700694e-06,1.946120384116099552e-06,1.941253307629493367e-06,1.922092759653851285e-06,1.890953482196050864e-06,1.849875384974378345e-06,1.800653291999791998e-06,1.744863643878939992e-06,1.683888420568553302e-06,1.618936536671590240e-06,1.551062947359574185e-06,1.481185688103299128e-06,1.410101055994454343e-06,1.338497124875940618e-06,1.266965771044313304e-06,1.196013371165112529e-06,1.126070319427252011e-06,1.057499496991046665e-06,9.906038135560096360e-07,9.256329284581442305e-07,8.627892471455061587e-07,8.022332781963701201e-07,7.440884262392833622e-07,6.884452871962437733e-07,6.353655041752799164e-07,5.848852350526918200e-07,5.370182762677921333e-07,4.917588815577184893e-07,4.490843092379068410e-07,4.089571271333911038e-07,3.713273003356032715e-07,3.361340835468979604e-07,3.033077368302812036e-07,2.727710810560349655e-07,2.444409071836930095e-07,2.182292516936263325e-07,1.940445489464124010e-07,1.717926699627043742e-07,1.513778560468888598e-07,1.327035547931988866e-07,1.156731652848426839e-07,1.001906986999411794e-07,8.616136005023571953e-08,7.349205637999284887e-08,6.209183642610878991e-08,5.187226647129720675e-08,4.274774689768059260e-08,3.463577375736763131e-08,2.745714951060310083e-08,2.113614693338190294e-08,1.560063005889825042e-08,1.078213588599824810e-08,6.615920459094196307e-09,3.040972794906036249e-09,0.000000000000000000e+00
0.000000000000000000e+00,5.121570277656508854e-07,9.395671959014620977e-07,1.292402351820527444e-06,1.579777545460575505e-06,1.809847238279748999e-06,1.989894856567470754e-06,2.126415778745637111e-06,2.225193920048347226e-06,2.291372135951502628e-06,2.329516709913388070e-06,2.343676223229435328e-06,2.337435126787834238e-06,2.313962347775296979e-06,2.276055270316345479e-06,2.226179428883855464e-06,2.166504248209985485e-06,2.098935154344150092e-06,2.025142369318332086e-06,1.946586687349921396e-06,1.864542514295525090e-06,1.780118434730074286e-06,1.694275553041685631e-06,1.607843836705173426e-06,1.521536671756696565e-06,1.435963822707663783e-06,1.351642971920816534e-06,1.269009996990796558e-06,1.188428129047690282e-06,1.110196120221256741e-06,1.034555534820124054e-06,9.616972661224890880e-07,8.917673690486478376e-07,8.248722883789146720e-07,7.610835525661826073e-07,7.004419945324552581e-07,6.429615530858272051e-07,5.886327016954762022e-07,5.374255452594067533e-07,4.892926201330098325e-07,4.441714279947908845e-07,4.019867300480602374e-07,3.626526245343481118e-07,3.260744275084083647e-07,2.921503742407783389e-07,2.607731564206455997e-07,2.318313084805914450e-07,2.052104548112394277e-07,1.807944283369066284e-07,1.584662698459886688e-07,1.381091165783940989e-07,1.196069878370953179e-07,1.028454747851417761e-07,8.771234109005939279e-08,7.409804066406195136e-08,6.189615840341944359e-08,5.100377953860766132e-08,4.132179295583203067e-08,3.275513362950690298e-08,2.521296910551344723e-08,1.860883478940916823e-08,1.286072261652753788e-08,7.891127507655262355e-09,3.627055841378022270e-09,0.000000000000000000e+00
0.000000000000000000e+00,6.145377795353724013e-07,1.127361310671460850e-06,1.550658344113317674e-06,1.895355845505825327e-06,2.171233974642553540e-06,2.387032271731692511e-06,2.550548142325804356e-06,2.668727821072464071e-06,2.747750064362720146e-06,2.793102875523473922e-06,2.809653605582323839e-06,2.801712799815791991e-06,2.773092177081884443e-06,2.727157136978042537e-06,2.666874190628052494e-06,2.594853705708059423e-06,2.513388346341508244e-06,2.424487574759099771e-06,2.329908565033600069e-06,2.231183860544133354e-06,2.129646086771364534e-06,2.026450010145685565e-06,1.922592212443880988e-06,1.818928629053907558e-06,1.716190178625315007e-06,1.614996691452190613e-06,1.515869324597024466e-06,1.419241633407152898e-06,1.325469451806181068e-06,1.234839717630056555e-06,1.147578364357684760e-06,1.063857386869777786e-06,9.838011763450615682e-07,9.074922080410528259e-07,8.349761554639296381e-07,7.662664952549327598e-07,7.013486589473630132e-07,6.401837805119765246e-07,5.827120822390895978e-07,5.288559359318241846e-07,4.785226315351664153e-07,4.316068811300580973e-07,3.879930826129770232e-07,3.475573642946373304e-07,3.101694290260092822e-07,2.756942142384952444e-07,2.439933824154809260e-07,2.149266549461320351e-07,1.883530010055545736e-07,1.641316920185921330e-07,1.421232313624620996e-07,1.221901682146884794e-07,1.041978038300348930e-07,8.801479800932548148e-08,7.351368308359932681e-08,6.057129236127460734e-08,4.906910965902707520e-08,3.889354624642509663e-08,2.993615126978194189e-08,2.209376147383580830e-08,1.526859580416573729e-08,9.368300243553280710e-09,4.305948007978721753e-09,0.000000000000000000e+00
0.000000000000000000e+00,7.340993712683674971e-07,1.346663728103807580e-06,1.852231035836282252e-06,2.263841916612466485e-06,2.593174047317232039e-06,2.850667480106269878e-06,3.045640975917946748e-06,3.186399547202610542e-06,3.280333490021047816e-06,3.334009250286365389e-06,3.353252516784234197e-06,3.343223967024916149e-06,3.308488113076106478e-06,3.253075705221784243e-06,3.180540153320726216e-06,3.094008420650144362e-06,2.996226834196624233e-06,2.889602240012791799e-06,2.776238913463103205e-06,2.657971612860126960e-06,2.536395141941990030e-06,2.412890762540616198e-06,2.288649774209944657e-06,2.164694552999014307e-06,2.041897317353137560e-06,1.920996865617369141e-06,1.802613507042783934e-06,1.687262386738683519e-06,1.575365384803684966e-06,1.467261750990476143e-06,1.363217618761288744e-06,1.263434526489248915e-06,1.168057058844623734e-06,1.077179708043293244e-06,9.908530425789409103e-07,9.090892602495253303e-07,8.318671926517646704e-07,7.591368197774377643e-07,6.908233458212289344e-07,6.268308807183412973e-07,5.670457661884012295e-07,5.113395800883750601e-07,4.595718485924794414e-07,4.115924920454389057e-07,3.672440272061155099e-07,3.263635459441588410e-07,2.887844882115972447e-07,2.543382252272508993e-07,2.228554672332659313e-07,1.941675088633336305e-07,1.681073240600220469e-07,1.445105215572335935e-07,1.232161711710438988e-07,1.040675104898792669e-07,8.691254099911369389e-08,7.160452219498962956e-08,5.800237182093987363e-08,4.597097998137963047e-08,3.538144454192864909e-08,2.611123490116964508e-08,1.804429090981607398e-08,1.107106341265279026e-08,5.088502592424877189e-09,0.000000000000000000e+00
0.000000000000000000e+00,8.730751290556918265e-07,1.601568976156259531e-06,2.202746686256968035e-06,2.692103034407609426e-06,3.083520167908952951e-06,3.389414829004844613e-06,3.620875142992721941e-06,3.787787182622248462e-06,3.898951619885169129e-06,3.962190853883883654e-06,3.984447061336786077e-06,3.971871657136230882e-06,3.929906678686947250e-06,3.863358621765167074e-06,3.776465259373149401e-06,3.672955970338944020e-06,3.556106092842213544e-06,3.428785801065336047e-06,3.293503982027441475e-06,3.152447565450845300e-06,3.007516733173789172e-06,2.860356406965197654e-06,2.712384385292016373e-06,2.564816471203412974e-06,2.418688905489010027e-06,2.274878392012092655e-06,2.134119975903816094e-06,1.997023010351094665e-06,1.864085424177244538e-06,1.735706480407384690e-06,1.612198195590278323e-06,1.493795570838784772e-06,1.380665768343912412e-06,1.272916351479825573e-06,1.170602692494969934e-06,1.073734639109510097e-06,9.822825200300125093e-07,8.961825593611335959e-07,8.153417610466334281e-07,7.396423167130076203e-07,6.689455835215450089e-07,6.030956727643971184e-07,5.419226848748783811e-07,4.852456221738825579e-07,4.328750069598793735e-07,3.846152293913361205e-07,3.402666469357487150e-07,2.996274549024050455e-07,2.624953456766049186e-07,2.286689726769874025e-07,1.979492337166359765e-07,1.701403873197139503e-07,1.450510145911513787e-07,1.224948384244496730e-07,1.022914111340404571e-07,8.426668098970889744e-08,6.825344759123446584e-08,5.409171553477792794e-08,4.162895537485303183e-08,3.072028046586838210e-08,2.122854786640772302e-08,1.302439110089452995e-08,5.986192192031673892e-09,0.000000000000000000e+00
0.000000000000000000e+00,1.033873845844146528e-06,1.896493057805489034e-06,2.608272783846598981e-06,3.187544163796162035e-06,3.650738627786979246e-06,4.012560065821548058e-06,4.286144942343554133e-06,4.483210578928798474e-06,4.614191947381215988e-06,4.688367408224166649e-06,4.713973899205828549e-06,4.698312128116707090e-06,4.647842356808788255e-06,4.568271381414830366e-06,4.464631319747945547e-06,4.341350812830470417e-06,4.202319235344837260e-06,4.050944491188336262e-06,3.890204946717029889e-06,3.722696026961589217e-06,3.550671970195672991e-06,3.376083204680628470e-06,3.200609778998872927e-06,3.025691244788801229e-06,2.852553358455464030e-06,2.682231936994117822e-06,2.515594172776436704e-06,2.353357683276145563e-06,2.196107544444974651e-06,2.044311530920752936e-06,1.898333762536064462e-06,1.758446934729203433e-06,1.624843290436410015e-06,1.497644472829964630e-06,1.376910381802512649e-06,1.262647142306626459e-06,1.154814279448690888e-06,1.053331183506918169e-06,9.580829376874026269e-07,8.689255723391587326e-07,7.856908014082772230e-07,7.081902900128676849e-07,6.362194960581438754e-07,5.695611236827775060e-07,5.079882219369092740e-07,4.512669583489129020e-07,3.991590938579591703e-07,3.514241828962651847e-07,3.078215201284052923e-07,2.681118534325659967e-07,2.320588810836267345e-07,1.994305497210293710e-07,1.700001685115861825e-07,1.435473539110921878e-07,1.198588185559574498e-07,9.872901704956959128e-08,7.996066072416501603e-08,6.336511283843651038e-08,4.876267509791133450e-08,3.598277584666711149e-08,2.486406976505584030e-08,1.525445841116902874e-08,7.011040458019786894e-09,0.000000000000000000e+00
0.000000000000000000e+00,1.219074545401291804e-06,2.236163811018171386e-06,3.075304707635443526e-06,3.758091520770117074e-06,4.303890270581850709e-06,4.730039157508762804e-06,5.052035149499201831e-06,5.283706942678491073e-06,5.437374668330332509e-06,5.523996829326349305e-06,5.553305032503788396e-06,5.533927143573909253e-06,5.473499531241669805e-06,5.378769090343839012e-06,5.255685742691788411e-06,5.109486111389671654e-06,4.944769051879897123e-06,4.765563702789151368e-06,4.575390693521497297e-06,4.377317114963993411e-06,4.174005825929027889e-06,3.967759632163564223e-06,3.760560837848701355e-06,3.554106632278139268e-06,3.349840737489613801e-06,3.148981706551564316e-06,2.952548227392682601e-06,2.761381753821136319e-06,2.576166753945560236e-06,2.397448836741338300e-06,2.225650990100117619e-06,2.061088138402722249e-06,1.903980204466505386e-06,1.754463839602755744e-06,1.612602966414270249e-06,1.478398261782076156e-06,1.351795692130475643e-06,1.232694199407043265e-06,1.120952624146393371e-06,1.016395941377742511e-06,9.188208758587388523e-07,8.280009550462261079e-07,7.436910512259373682e-07,6.656314581998864417e-07,5.935515427615509113e-07,5.271730067698285679e-07,4.662127918672094871e-07,4.103856556861259881e-07,3.594064456699331631e-07,3.129920943280826724e-07,2.708633577843117254e-07,2.327463178042206432e-07,1.983736660543877270e-07,1.674857881051737454e-07,1.398316636062719312e-07,1.151695981057062600e-07,9.326780112272529798e-08,7.390482430048331926e-08,5.686987273751858637e-08,4.196300191313991844e-08,2.899521196956301650e-08,1.778845048419013653e-08,8.175534252383118413e-09,0.000000000000000000e+00
0.000000000000000000e+00,1.431417087323194325e-06,2.625603643198128298e-06,3.610741909053508224e-06,4.412163340903385496e-06,5.052596832255133169e-06,5.552401054052733936e-06,5.929780940803660902e-06,6.200988558596242379e-06,6.380508756882121437e-06,6.481230136417899731e-06,6.514601965095922765e-06,6.490777745674830961e-06,6.418746188437525019e-06,6.306450371020129060e-06,6.160895880210811302e-06,5.988248729240571497e-06,5.793923831513395421e-06,5.582664790099962912e-06,5.358615733633239326e-06,5.125385895231548589e-06,4.886107593241482760e-06,4.643488232231837335e-06,4.399856900879447989e-06,4.157206101088517257e-06,3.917229100638306720e-06,3.681353360477329991e-06,3.450770447965322060e-06,3.226462809285067694e-06,3.009227738183378352e-06,2.799698844348668512e-06,2.598365293212604599e-06,2.405589059834169598e-06,2.221620412795029329e-06,2.046611819669970253e-06,1.880630443567983281e-06,1.723669380373533062e-06,1.575657768538278127e-06,1.436469887453220289e-06,1.305933346430567926e-06,1.183836454000662902e-06,1.069934846436576136e-06,9.639574450139820855e-07,8.656118033558344738e-07,7.745888991661690503e-07,6.905674185964051889e-07,6.132175762919357579e-07,5.422045097243407767e-07,4.771912826241537950e-07,4.178415290970325763e-07,3.638217672494103225e-07,3.148034087930518693e-07,2.704644890757417187e-07,2.304911402393569797e-07,1.945788286870104468e-07,1.624333767043396297e-07,1.337717868900978291e-07,1.083228869770507510e-07,8.582781164058611851e-08,6.604033697856880182e-08,4.872708248537351944e-08,3.366759452261368749e-08,2.065432449907180416e-08,9.492514205362104048e-09,0.000000000000000000e+00
0.000000000000000000e+00,1.673787664586932745e-06,3.070102902376354726e-06,4.221851229242406622e-06,5.158624948198378837e-06,5.906989332325058418e-06,6.490750767172013327e-06,6.931206844397276734e-06,7.247378639800257640e-06,7.456225603799966385e-06,7.572843646217105428e-06,7.610647115020058107e-06,7.581535455202139896e-06,7.496045393502523170e-06,7.363489531231284174e-06,7.192082244609250151e-06,6.989053793036531810e-06,6.760753523473111729e-06,6.512743036245998027e-06,6.249880146380074541e-06,5.976394436994447815e-06,5.695955159156971134e-06,5.411732187348965053e-06,5.126450692637847393e-06,4.842440147862925456e-06,4.561678231498474023e-06,4.285830150094561069e-06,4.016283853887022818e-06,3.754181576761557652e-06,3.500448090586127041e-06,3.255816025225697250e-06,3.020848569473162608e-06,2.795959834747635097e-06,2.581433132743466103e-06,2.377437390228381041e-06,2.184041898814477147e-06,2.001229574658349076e-06,1.828908882559031373e-06,1.666924560670060684e-06,1.515067265869546506e-06,1.373082245576891590e-06,1.240677129302291849e-06,1.117528922301895654e-06,1.003290274227460819e-06,8.975950874510267897e-07,8.000635226666776064e-07,7.103064532854458780e-07,6.279294149194419066e-07,5.525360917796598982e-07,4.837313779833194069e-07,4.211240484843561188e-07,3.643290715201895605e-07,3.129695920329212374e-07,2.666786134080343535e-07,2.251004030208017032e-07,1.878916454410510171e-07,1.547223656788110405e-07,1.252766435219176868e-07,9.925313879288355344e-08,7.636544621294578937e-08,5.634229748726823758e-08,3.892762720229857265e-08,2.388051814302092000e-08,1.097504068619629655e-08,0.000000000000000000e+00
0.000000000000000000e+00,1.949197764367302972e-06,3.575181266269089770e-06,4.916213756770007126e-06,6.006723742208578857e-06,6.877633514110687975e-06,7.556667288625456676e-06,8.068638897016493520e-06,8.435719249597170322e-06,8.677684023082792502e-06,8.812142201765387406e-06,8.854746241961811449e-06,8.819384732193826434e-06,8.718358493456642585e-06,8.562541109238544504e-06,8.361524897775769003e-06,8.123753343081545442e-06,7.856640989911926486e-06,7.566681784001951461e-06,7.259546805255146622e-06,6.940172300413792488e-06,6.612838875087714618e-06,6.281242654614294586e-06,5.948559170540926262e-06,5.617500675814710186e-06,5.290367538067162910e-06,4.969094307544527189e-06,4.655291004933028080e-06,4.350280125092549670e-06,4.055129805937097911e-06,3.770683567668589742e-06,3.497586986464903979e-06,3.236311628643549457e-06,2.987176536298176322e-06,2.750367523408401163e-06,2.525954512378054726e-06,2.313907114752168392e-06,2.114108636357304118e-06,1.926368666143723639e-06,1.750434389405956975e-06,1.586000749638976461e-06,1.432719568863934115e-06,1.290207723645658391e-06,1.158054463042617258e-06,1.035827945204601167e-06,9.230810610977810750e-07,8.193566067359382991e-07,7.241918591850529774e-07,6.371226063540241506e-07,5.576866760652979011e-07,4.854270060072717430e-07,4.198942928076924903e-07,3.606492555484063342e-07,3.072645464911398119e-07,2.593263395366729164e-07,2.164356249397259655e-07,1.782092370021206435e-07,1.442806398274826931e-07,1.143004947095775024e-07,8.793703131657476083e-08,6.487624350423592037e-08,4.482192932554488074e-08,2.749559359032469634e-08,1.263623015662895714e-08,0.000000000000000000e+00
0.000000000000000000e+00,2.260754289409045880e-06,4.146532929406352559e-06,5.701649431779815826e-06,6.965997038994391629e-06,7.975424266855114965e-06,8.762087513274223797e-06,9.354780609164265159e-06,9.779241512832791071e-06,1.005843661384858202e-05,1.021282332307302089e-05,1.026059178891155561e-05,1.021788670188191627e-05,1.009901023589984478e-05,9.916607230371962052e-06,9.681833746926212327e-06,9.404510142634595459e-06,9.093259791693217880e-06,8.755634563122571373e-06,8.398228126149501395e-06,8.026778110183161095e-06,7.646258095015497411e-06,7.260960351058442182e-06,6.874570190787355105e-06,6.490232732534024488e-06,6.110612817569311812e-06,5.737948762019105048e-06,5.374100567361717769e-06,5.020593157678935345e-06,4.678655158946523696e-06,4.349253685788926949e-06,4.033125554510836812e-06,3.730805297981389287e-06,3.442650318129845143e-06,3.168863475392282154e-06,2.909513381350564908e-06,2.664552630906590142e-06,2.433834183484342237e-06,2.217126078771201756e-06,2.014124651204401407e-06,1.824466388574784175e-06,1.647738563548956268e-06,1.483488752394916119e-06,1.331233342531093989e-06,1.190465119507286836e-06,1.060660014481335228e-06,9.412830850006002712e-07,8.317937947695172142e-07,7.316506519322554163e-07,6.403152600865836187e-07,5.572558316472590814e-07,4.819502091851007483e-07,4.138884368834565288e-07,3.525749211925127452e-07,2.975302170496068396e-07,2.482924736078729094e-07,2.044185712223575616e-07,1.654849794380448149e-07,1.310883638709762217e-07,1.008459681423579604e-07,7.439579539233840590e-08,5.139661234670384897e-08,3.152779742203891163e-08,1.448905292277447286e-08,0.000000000000000000e+00
0.000000000000000000e+00,2.611616970464880113e-06,4.789948496563438936e-06,6.586109657463916681e-06,8.046140888183615582e-06,9.211435461622241634e-06,1.011914130155260771e-05,1.080253691914151814e-05,1.129138164085136838e-05,1.161224060186294676e-05,1.178878522417605186e-05,1.184207008959267139e-05,1.179078726166842345e-05,1.165149921372096370e-05,1.143885158789248273e-05,1.116576704835724694e-05,1.084362150483573597e-05,1.048240397494423593e-05,1.009086132943704447e-05,9.676629126522404831e-06,9.246349693180077133e-06,8.805778555422571040e-06,8.359880258015498541e-06,7.912914549268314863e-06,7.468513839786487517e-06,7.029752776931421805e-06,6.599210710306564469e-06,6.179027758798507855e-06,5.770955127276518836e-06,5.376400261542779442e-06,4.996467373929936779e-06,4.631993819331673112e-06,4.283582752583938648e-06,3.951632453053634424e-06,3.636362661023709726e-06,3.337838232912363991e-06,3.055990388401128455e-06,2.790635792006150560e-06,2.541493684314110838e-06,2.308201253803458583e-06,2.090327418657279205e-06,1.887385169012059433e-06,1.698842603445490841e-06,1.524132778955805155e-06,1.362662481005488615e-06,1.213820009181096894e-06,1.076982064461681842e-06,9.515198158049197433e-07,8.368042165843733469e-07,7.322106351874501818e-07,6.371228586738004370e-07,5.509365236727659988e-07,4.730620245573720965e-07,4.029269452747263529e-07,3.399780579562403198e-07,2.836829285044456444e-07,2.335311666968956378e-07,1.890353559113504773e-07,1.497316953193557591e-07,1.151803852838932004e-07,8.496578470479523597e-08,5.869636716230323169e-08,3.600450089915393835e-08,1.654607594337352059e-08,0.000000000000000000e+00
0.000000000000000000e+00,3.004936419975785654e-06,5.511201394044394305e-06,7.577521178071527100e-06,9.256819445114537656e-06,1.059670186769828360e-05,1.163991210913456211e-05,1.242475891220890041e-05,1.298551440456068389e-05,1.335278409311632735e-05,1.355384930357316216e-05,1.361298304334356371e-05,1.355174043516874381e-05,1.338922499085522956e-05,1.314233207677454327e-05,1.282597097084194740e-05,1.245326693005973356e-05,1.203574468325213482e-05,1.158349473971284155e-05,1.110532386502167035e-05,1.060889102370976482e-05,1.010083002777020081e-05,9.586860062841261084e-06,9.071885192474900863e-06,8.560083867151809087e-06,8.054989390213308106e-06,7.559562218967414503e-06,7.076254906958709180e-06,6.607070423612101359e-06,6.153614520815094711e-06,5.717142752964955118e-06,5.298602697899325706e-06,4.898671871148321744e-06,4.517791775178891338e-06,4.156198478748441592e-06,3.813950079067213862e-06,3.490951361055200471e-06,3.186975933389999365e-06,2.901686090064296408e-06,2.634650618569597221e-06,2.385360751345693725e-06,2.153244435524666102e-06,1.937679076994854603e-06,1.738002898159134041e-06,1.553525034215369139e-06,1.383534480110110366e-06,1.227307989286194811e-06,1.084117015755676123e-06,9.532337826896522944e-07,8.339365534544593330e-07,7.255141746818865530e-07,6.272699554015169900e-07,5.385249413621818228e-07,4.586206393202790939e-07,3.869212421818371473e-07,3.228154023740797910e-07,2.657175976233621893e-07,2.150691303743473758e-07,1.703387993540190214e-07,1.310232792267617059e-07,9.664724187371970545e-08,6.676325053822882942e-08,4.095145589199040215e-08,1.881912098123388595e-08,0.000000000000000000e+00
0.000000000000000000e+00,3.443761286217422691e-06,6.315877644372825539e-06,8.683552164764267531e-06,1.060737944585738131e-05,1.214189263359451677e-05,1.333607876970439139e-05,1.423386200926616479e-05,1.487455476065789479e-05,1.529327720618080117e-05,1.552134598856589795e-05,1.558663310631577516e-05,1.551389625790902655e-05,1.532508201917112789e-05,1.503960333686912547e-05,1.467459288147928171e-05,1.424513382917750337e-05,1.376446964290219330e-05,1.324419439977020101e-05,1.269442517158706233e-05,1.212395791057542451e-05,1.154040822716474024e-05,1.095033837371227103e-05,1.035937166991493440e-05,9.772295524602494409e-06,9.193154126400486661e-06,8.625331793932311221e-06,8.071627896021688609e-06,7.534324174736741460e-06,7.015245229837121642e-06,6.515812852802882176e-06,6.037094832522800668e-06,5.579848793142458020e-06,5.144561567632933376e-06,4.731484558355044478e-06,4.340665488188795982e-06,3.971976902536315541e-06,3.625141743496936592e-06,3.299756282525779782e-06,2.995310666663530333e-06,2.711207305690145618e-06,2.446777303023259055e-06,2.201295111566724491e-06,1.973991576732248133e-06,1.764065512233388089e-06,1.570693939722988982e-06,1.393041110666116969e-06,1.230266417778903907e-06,1.081531293708780285e-06,9.460051861885624441e-07,8.228706914931166161e-07,7.113279215061907340e-07,6.105981739306178060e-07,5.199269700267569151e-07,4.385865196391616758e-07,3.658776690812164367e-07,3.011313836178171344e-07,2.437098127547654460e-07,1.930069832598419351e-07,1.484491617631404845e-07,1.094949258809321931e-07,7.563498005251308694e-08,4.639174965433885336e-08,2.131878444605609098e-08,0.000000000000000000e+00
0.000000000000000000e+00,3.930894423286446763e-06,7.209112187107000158e-06,9.911249931316730224e-06,1.210640807184417928e-05,1.385680579442751668e-05,1.521836109204919795e-05,1.624123525134119642e-05,1.697034175441349059e-05,1.744582002554796342e-05,1.770347482732995771e-05,1.777518240812826303e-05,1.768926473179773844e-05,1.747083328982564413e-05,1.714210411397507696e-05,1.672268568122866760e-05,1.622984143928886459e-05,1.567872868619997050e-05,1.508261551735180802e-05,1.445307751215521149e-05,1.380017577542569200e-05,1.313261787883294266e-05,1.245790316902612560e-05,1.178245382412954824e-05,1.111173295169190611e-05,1.045035093095004699e-05,9.802161112163554761e-06,9.170345897202324879e-06,8.557494139648681375e-06,7.965670720283426869e-06,7.396479075609943179e-06,6.851117383491082164e-06,6.330429041320380243e-06,5.834948008573311188e-06,5.364939527119473998e-06,4.920436679258426473e-06,4.501273194929469117e-06,4.107112875737885382e-06,3.737475964088340299e-06,3.391762750541263002e-06,3.069274681208370893e-06,2.769233199266417206e-06,2.490796530177958924e-06,2.233074598651737458e-06,1.995142246449121332e-06,1.776050903557286182e-06,1.574838850728724940e-06,1.390540198676289938e-06,1.222192698076132070e-06,1.068844484754743037e-06,9.295598558258980165e-07,8.034241649276647607e-07,6.895479179354768370e-07,5.870701444627512200e-07,4.951611149902261030e-07,4.130244684921307846e-07,3.398988108682426431e-07,2.750588402780106163e-07,2.178160515494790041e-07,1.675190681567889894e-07,1.235536467893726704e-07,8.534239624594852782e-08,5.234424925581336540e-08,2.405372284338808400e-08,0.000000000000000000e+00
0.000000000000000000e+00,4.468663152061566000e-06,8.195167722257654211e-06,1.126646232122200781e-05,1.376102687103745136e-05,1.574956110988687421e-05,1.729563472773158609e-05,1.845629835336026097e-05,1.928265524926837035e-05,1.982039409757780361e-05,2.011028368874612473e-05,2.018863066623290462e-05,2.008770174499404943e-05,1.983611201935390751e-05,1.945918111543919608e-05,1.897925903320714833e-05,1.841602357071609277e-05,1.778675123552261671e-05,1.710656353113532854e-05,1.638865046583940085e-05,1.564447307185134364e-05,1.488394664899925042e-05,1.411560636273391170e-05,1.334675673453549150e-05,1.258360646648195121e-05,1.183138994325897817e-05,1.109447665618178201e-05,1.037646969647975593e-05,9.680294370456228885e-06,9.008277898184745383e-06,8.362221070895893774e-06,7.743462660685004997e-06,7.152937299979687242e-06,6.591227477541597241e-06,6.058610232692756650e-06,5.555099069904355357e-06,5.080481561721308085e-06,4.634353059008508574e-06,4.216146883431332986e-06,3.825161337620441537e-06,3.460583833293180195e-06,3.121512406369124673e-06,2.806974860480116322e-06,2.515945755891740173e-06,2.247361439390359641e-06,2.000133291826462200e-06,1.773159353439981589e-06,1.565334472542984725e-06,1.375559110341013047e-06,1.202746923398089394e-06,1.045831235279902588e-06,9.037705000530757855e-07,7.755528524088336891e-07,6.601998320695103511e-07,5.567693637003774981e-07,4.643580676787301869e-07,3.821029716769206117e-07,3.091826880200803219e-07,2.448181171212560915e-07,1.882727329263859204e-07,1.388525021799191412e-07,9.590548541791891918e-08,5.882116388638113832e-08,2.702953305084703167e-08,0.000000000000000000e+00
0.000000000000000000e+00,5.058543033798779673e-06,9.276745021791991258e-06,1.275289018623240815e-05,1.557573553286074932e-05,1.782527835809867244e-05,1.957348185136878650e-05,2.088495779526631504e-05,2.181760608401721061e-05,2.242321137724806712e-05,2.274799769338119249e-05,2.283314213712887250e-05,2.271524926002841814e-05,2.242678778240812936e-05,2.199649156951622976e-05,2.144972686290767632e-05,2.080882782893852804e-05,2.009340250696969873e-05,1.932061122751438056e-05,1.850541953123700374e-05,1.766082755892288197e-05,1.679807780512803327e-05,1.592684303843496261e-05,1.505539609275408771e-05,1.419076313007794018e-05,1.333886186818305361e-05,1.250462615921513982e-05,1.169211819871660976e-05,1.090462954093669029e-05,1.014477199635911349e-05,9.414559392164478243e-06,8.715481086446669301e-06,8.048568042841034489e-06,7.414452194037502305e-06,6.813419750530783588e-06,6.245459044864366466e-06,5.710303441417679015e-06,5.207469787246045599e-06,4.736292830333776202e-06,4.295955987536684036e-06,3.885518805120003215e-06,3.503941419769986440e-06,3.150106296896835618e-06,2.822837495577598182e-06,2.520917685245277836e-06,2.243103117864267467e-06,1.988136740509686347e-06,1.754759616680922541e-06,1.541720810040574457e-06,1.347785871320185791e-06,1.171744057637677513e-06,1.012414403220018590e-06,8.686507513329406042e-07,7.393458489273361570e-07,6.234345979798179259e-07,5.198965506150677556e-07,4.277577287501391317e-07,3.460918431134571112e-07,2.740209809959715374e-07,2.107158269344520643e-07,1.553954756639857909e-07,1.073268920749298687e-07,6.582406854338507190e-08,3.024692585491670513e-08,0.000000000000000000e+00
0.000000000000000000e+00,5.700530418418852611e-06,1.045383269417372814e-05,1.437050713058977985e-05,1.755048353268921622e-05,2.008387294853797669e-05,2.205177387910896416e-05,2.352703170697876503e-05,2.457495089991632877e-05,2.525396021788199673e-05,2.561623170334482454e-05,2.570825467842600433e-05,2.557136632070697296e-05,2.524224065429309691e-05,2.475333798478954775e-05,2.413331693626726373e-05,2.340741132430221259e-05,2.259777413016680011e-05,2.172379083484928929e-05,2.080236433461543687e-05,1.984817359840864185e-05,1.887390814690398781e-05,1.789048033822565603e-05,1.690721734031096305e-05,1.593203455819842116e-05,1.497159216912483637e-05,1.403143630175744344e-05,1.311612628022902174e-05,1.222934924056307855e-05,1.137402331789184571e-05,1.055239049858741482e-05,9.766100132780662440e-06,9.016284010226801319e-06,8.303623816386396521e-06,7.628411706047587577e-06,6.990604658801921023e-06,6.389873214069775227e-06,5.825645122928092052e-06,5.297144399429959305e-06,4.803426205079448002e-06,4.343407956256927384e-06,3.915897005281139659e-06,3.519615211037913571e-06,3.153220684293373469e-06,2.815326965546365738e-06,2.504519869176504604e-06,2.219372206351024491e-06,1.958456580325057374e-06,1.720356431096441588e-06,1.503675491571017763e-06,1.307045804202832277e-06,1.129134435265550964e-06,9.686490132862320747e-07,8.243422085535004532e-07,6.950152618485515720e-07,5.795206625092115478e-07,4.767640685169333306e-07,3.857055544030970997e-07,3.053602663313748943e-07,2.347985576672294169e-07,1.731456726473222805e-07,1.195810403737549325e-07,7.333723625321197562e-08,3.369866315816910721e-08,0.000000000000000000e+00
0.000000000000000000e+00,6.392083305307846573e-06,1.172176555364883320e-05,1.611289192049218612e-05,1.967741479808654597e-05,2.251633442545508088e-05,2.472059031429318555e-05,2.637190193304693410e-05,2.754355801098498069e-05,2.830115457810311055e-05,2.870328247727949882e-05,2.880216558666934536e-05,2.864425138650557106e-05,2.827075580801191205e-05,2.771816452493640389e-05,2.701869300126812372e-05,2.620070770213615792e-05,2.528911091794088287e-05,2.430569165282057658e-05,2.326944499515428810e-05,2.219686232669190390e-05,2.110219464406126060e-05,1.999769116708429145e-05,1.889381529711378041e-05,1.779943986941770148e-05,1.672202351984528512e-05,1.566776986042545415e-05,1.464177103350447631e-05,1.364813709141707120e-05,1.269011253000081589e-05,1.177018119065909257e-05,1.089016063799793671e-05,1.005128701888852055e-05,9.254291314495870135e-06,8.499467809530368952e-06,7.786735522726793469e-06,7.115693269215244148e-06,6.485668958791543666e-06,5.895763673818839658e-06,5.344891016233662381e-06,4.831812164485528313e-06,4.355167037783535122e-06,3.913501926315974936e-06,3.505293911713234527e-06,3.128972371508626203e-06,2.782937834304043629e-06,2.465578428373588799e-06,2.175284145172794862e-06,1.910459120323848760e-06,1.669532117809954713e-06,1.450965388055037422e-06,1.253262057040523788e-06,1.074972191399029919e-06,9.146976733350708096e-07,7.710960090901710424e-07,6.428831853543924537e-07,5.288356794101341588e-07,4.277917207796948737e-07,3.386518946553515816e-07,2.603791703555083171e-07,1.919984314215565964e-07,1.325955777079818274e-07,8.131626389247950691e-08,3.736433322074937892e-08,0.000000000000000000e+00
0.000000000000000000e+00,7.126320675284912657e-06,1.306792353578024206e-05,1.796269298796323576e-05,2.193533264041359909e-05,2.509839837145037613e-05,2.755327853794968537e-05,2.939111946533080649e-05,3.069369535638863844e-05,3.153422259707816685e-05,3.197811913153720664e-05,3.208371014214965857e-05,3.190288171804692299e-05,3.148168454094963308e-05,3.086088987358466323e-05,3.007650031505230802e-05,2.916021790049920062e-05,2.813987217937580280e-05,2.703981091659801042e-05,2.588125603236922042e-05,2.468262733667171731e-05,2.345983653007741330e-05,2.222655383936811871e-05,2.099444953954447059e-05,1.977341248751044529e-05,1.857174766077687584e-05,1.739635456006687444e-05,1.625288820034294525e-05,1.514590428262298615e-05,1.407899001070419713e-05,1.305488189387624161e-05,1.207557175984328292e-05,1.114240209206781664e-05,1.025615170302068283e-05,9.417112659583781335e-06,8.625159289143059674e-06,7.879810014615688384e-06,7.180282693557714762e-06,6.525544070280302280e-06,5.914353890185292580e-06,5.345304171889125697e-06,4.816854084683206910e-06,4.327360836010027263e-06,3.875106935448878150e-06,3.458324167740029487e-06,3.075214577186064815e-06,2.723968738933001690e-06,2.402781568752493638e-06,2.109865901657309624e-06,1.843464050648933797e-06,1.601857539819166720e-06,1.383375190636862221e-06,1.186399726311304773e-06,1.009373046427116870e-06,8.508003124160418731e-07,7.092529737157756758e-07,5.833708545393132257e-07,4.718634119338149437e-07,3.735102671603980002e-07,2.871611043053781611e-07,2.117350223850009956e-07,1.462194199860478408e-07,8.966848466149481524e-08,4.120135284827021012e-08,0.000000000000000000e+00
0.000000000000000000e+00,7.888950181720568174e-06,1.446609923563906789e-05,1.988388945091744506e-05,2.428025466537516407e-05,2.777974731793320985e-05,3.049460910137379997e-05,3.252578300407147022e-05,3.396386562689687641e-05,3.488999959146116920e-05,3.537670662661396732e-05,3.548866254838038605e-05,3.528341585015740383e-05,3.481205200988716521e-05,3.411980591302745107e-05,3.324662499739807354e-05,3.222768586035182418e-05,3.109386714116390242e-05,2.987218151203153833e-05,2.858616958864975750e-05,2.725625851407091984e-05,2.590008788466522928e-05,2.453280558083385343e-05,2.316733594323793974e-05,2.181462260250294438e-05,2.048384813075125827e-05,1.918263254038174402e-05,1.791721251214049208e-05,1.669260309307981185e-05,1.551274346736812386e-05,1.438062827056438934e-05,1.329842579200404202e-05,1.226758429113747425e-05,1.128892754251707104e-05,1.036274062091133490e-05,9.488846842802841527e-06,8.666676693212520158e-06,7.895329487164218040e-06,7.173628442844189313e-06,6.500169778223506895e-06,5.873366384154483975e-06,5.291486574242085269e-06,4.752688364634729192e-06,4.255049694773112359e-06,3.796594962589749163e-06,3.375318214190028352e-06,2.989203298213753004e-06,2.636241268452407968e-06,2.314445294487440784e-06,2.021863318762725422e-06,1.756588679284898216e-06,1.516768899772312332e-06,1.300612833291293523e-06,1.106396331007219724e-06,9.324665944463510169e-07,7.772453574507291480e-07,6.392310326763920971e-07,5.169999469221291942e-07,4.092067796893293473e-07,3.145843100892027000e-07,2.319425684723720063e-07,1.601674809116463956e-07,9.821908688594228765e-08,4.512940316466874977e-08,0.000000000000000000e+00
0.000000000000000000e+00,8.653020386842975699e-06,1.586687694754095843e-05,2.180857140683225954e-05,2.662927776489005328e-05,3.046556134190630112e-05,3.344053814770141426e-05,3.566497199627548936e-05,3.723830797956361653e-05,3.824964193409894145e-05,3.877862638188365855e-05,3.889631412035055491e-05,3.866594119275423006e-05,3.814365140556932068e-05,3.737916488841632520e-05,3.641639342856595554e-05,3.529400546903530412e-05,3.404594374848009773e-05,3.270189859326233766e-05,3.128773985698268616e-05,2.982591044915966684e-05,2.833578431042575420e-05,2.683399158349512859e-05,2.533471360327745685e-05,2.384995019111992354e-05,2.238976159173823371e-05,2.096248724076477072e-05,1.957494339916538315e-05,1.823260154066922952e-05,1.693974923190481093e-05,1.569963510378078435e-05,1.451459937802130625e-05,1.338619128554860237e-05,1.231527459417727089e-05,1.130212235217114930e-05,1.034650185172057432e-05,9.447750722258689961e-06,8.604844977538946913e-06,7.816459762221505023e-06,7.081023472959259799e-06,6.396765865171727937e-06,5.761760699345495733e-06,5.173963429281578462e-06,4.631244388695315258e-06,4.131417891443645946e-06,3.672267623901993475e-06,3.251568675161403296e-06,2.867106521312192927e-06,2.516693253710348895e-06,2.198181317403215496e-06,1.909475004481030492e-06,1.648539927711636494e-06,1.413410682139607005e-06,1.202196886150619649e-06,1.013087778616553179e-06,8.443555349727395957e-07,6.943574522927346927e-07,5.615371414968366940e-07,4.444248536614183628e-07,3.416370569068654440e-07,2.518753704705685609e-07,1.739249532679378614e-07,1.066524354712321531e-07,4.900347336304061152e-08,0.000000000000000000e+00
0.000000000000000000e+00,9.369961950497018930e-06,1.718120766435160654e-05,2.361437017741801006e-05,2.883302952176991965e-05,3.298501557376402264e-05,3.620364846817964485e-05,3.860891363451399134e-05,4.030856979124412928e-05,4.139918933703528204e-05,4.196713149774970747e-05,4.208944934350332021e-05,4.183473239871084474e-05,4.126388704685788385e-05,4.043085729642247500e-05,3.938328873965058255e-05,3.816313871540414704e-05,3.680723579359271498e-05,3.534779174322951628e-05,3.381286913932156276e-05,3.222680771496582016e-05,3.061061248254374074e-05,2.898230653918637648e-05,2.735725134321880301e-05,2.574843710572745229e-05,2.416674578958542786e-05,2.262118905132672319e-05,2.111912330263340191e-05,1.966644391072141173e-05,1.826776040286578538e-05,1.692655439149214574e-05,1.564532179403901689e-05,1.442570078715097367e-05,1.326858680835531413e-05,1.217423580058472855e-05,1.114235678588657380e-05,1.017219475436057093e-05,9.262604762595274600e-06,8.412118052310062495e-06,7.619000924144178337e-06,6.881307033092222484e-06,6.196923710447723561e-06,5.563612861741830122e-06,4.979046940502633285e-06,4.440840453168109784e-06,3.946577410636122215e-06,3.493835106222312676e-06,3.080204567752070294e-06,2.703308002695619068e-06,2.360813529267994202e-06,2.050447462895347176e-06,1.770004406075519435e-06,1.517355370148423217e-06,1.290454139595012214e-06,1.087342072988162711e-06,9.061515194449662088e-07,7.451080152248614450e-07,6.025314118565280469e-07,4.768360747548933115e-07,3.665302796253133318e-07,2.702149229783865778e-07,1.865816527441266276e-07,1.144105152376265888e-07,5.256720555809922183e-08,0.000000000000000000e+00
0.000000000000000000e+00,9.954317892147674084e-06,1.825241298369703540e-05,2.508598700219199707e-05,3.062870749165382271e-05,3.503757547881916298e-05,3.845422889135230481e-05,4.100617846502319579e-05,4.280797421610103197e-05,4.396230172636413243e-05,4.456100846721496196e-05,4.468606119592462853e-05,4.441043610945751686e-05,4.379894395706715124e-05,4.290899270832665034e-05,4.179129066377772840e-05,4.049049309517542279e-05,3.904579562447787057e-05,3.749147760727608602e-05,3.585739878817637618e-05,3.416945245256536767e-05,3.244997821998891270e-05,3.071813751686873478e-05,2.899025463730776577e-05,2.728012615626948897e-05,2.559930130459211957e-05,2.395733575448304176e-05,2.236202110099984048e-05,2.081959216258210714e-05,1.933491406439949328e-05,1.791165091405897932e-05,1.655241773153588573e-05,1.525891715514006135e-05,1.403206231362387604e-05,1.287208713162454871e-05,1.177864522169113548e-05,1.075089841116738399e-05,9.787595855998141084e-06,8.887144605794996245e-06,8.047672404822086447e-06,7.267083441470672303e-06,6.543107693749775711e-06,5.873344459780753226e-06,5.255300609679485900e-06,4.686424047984834430e-06,4.164132833400721611e-06,3.685840364546160729e-06,3.248977006161774781e-06,2.851008499355361151e-06,2.489451471565585799e-06,2.161886336613128175e-06,1.865967852155905377e-06,1.599433580779792228e-06,1.360110481579632817e-06,1.145919841200560235e-06,9.548807367271489408e-07,7.851122073731572209e-07,6.348342975052827320e-07,5.023681200260619605e-07,3.861350764559719910e-07,2.846553581258070030e-07,1.965458416622187201e-07,1.205174813804886203e-07,5.537229125435549518e-08,0.000000000000000000e+00
0.000000000000000000e+00,1.025777663538915099e-05,1.880857516121171483e-05,2.584976631535595472e-05,3.156021023700173345e-05,3.610165119621503951e-05,3.962004795461989283e-05,4.224683628825665060e-05,4.410012155186652800e-05,4.528580036993258594e-05,4.589861155028335477e-05,4.602311715071105751e-05,4.573461530643249358e-05,4.509998696393728389e-05,4.417847908141328984e-05,4.302242716302163864e-05,4.167792020823826357e-05,4.018541129159722454e-05,3.858027705465315869e-05,3.689332940193343780e-05,3.515128265608561959e-05,3.337717935332705331e-05,3.159077775663702827e-05,2.980890403792441225e-05,2.804577193776634650e-05,2.631327255753177109e-05,2.462123677826596671e-05,2.297767263740544416e-05,2.138897983133786440e-05,1.986014335155680054e-05,1.839490810669503227e-05,1.699593623359334300e-05,1.566494865890627681e-05,1.440285233934156921e-05,1.320985448394997847e-05,1.208556494614910709e-05,1.102908786638781300e-05,1.003910354837806628e-05,9.113941462341604099e-06,8.251645187344780976e-06,7.450030031052600767e-06,6.706733998602250133e-06,6.019262722225782769e-06,5.385028909180645710e-06,4.801386816914916629e-06,4.265662220660083718e-06,3.775178299285308679e-06,3.327277829777034395e-06,2.919342048670406466e-06,2.548806509741577193e-06,2.213174240895695823e-06,1.910026479121498350e-06,1.637031240333663841e-06,1.391949960632907817e-06,1.172642426759079120e-06,9.770701961074597049e-07,8.032986904644778348e-07,6.494981324660630305e-07,5.139434795822267597e-07,3.950134970990896938e-07,2.911890990349363135e-07,2.010510741354473398e-07,1.232773030018872026e-07,5.663956197912965970e-08,0.000000000000000000e+00
0.000000000000000000e+00,1.002513406362942632e-05,1.838179232504787592e-05,2.526272975414098240e-05,3.084266897953584377e-05,3.527965175443941831e-05,3.871632894913985920e-05,4.128118562340599607e-05,4.308969899605660667e-05,4.424542830715060438e-05,4.484103655698867786e-05,4.495924492457584740e-05,4.467372133420049801e-05,4.404990516924912284e-05,4.314577054325465102e-05,4.201253084440846657e-05,4.069528748526348913e-05,3.923362592696566259e-05,3.766216211886295041e-05,3.601104251049778505e-05,3.430640076349531289e-05,3.257077422442379729e-05,3.082348312407047985e-05,2.908097535056541192e-05,2.735713950936087356e-05,2.566358883737488437e-05,2.400991838602551927e-05,2.240393773211559966e-05,2.085188131963609283e-05,1.935859838203293930e-05,1.792772424530578320e-05,1.656183466899831171e-05,1.526258474583164768e-05,1.403083375219922810e-05,1.286675722147385641e-05,1.176994740031114798e-05,1.073950314490028233e-05,9.774110219275460254e-06,8.872112871093875748e-06,8.031577481336406175e-06,7.250349012755645059e-06,6.526100917086963090e-06,5.856379102532484039e-06,5.238640510288922840e-06,4.670286801387918930e-06,4.148693612330576519e-06,3.671235799432875815e-06,3.235309056984338676e-06,2.838348262828704369e-06,2.477842876401760765e-06,2.151349688252516917e-06,1.856503196306331881e-06,1.591023862322888161e-06,1.352724481910002179e-06,1.139514882866456093e-06,9.494051493621119929e-07,7.805075533716697555e-07,6.310373597334418783e-07,4.993126571047237578e-07,3.837533538469648855e-07,2.828794654313431316e-07,1.953088082550916851e-07,1.197542037600670125e-07,5.502028641100118879e-08,0.000000000000000000e+00
0.000000000000000000e+00,8.819833471745455700e-06,1.617165053324905958e-05,2.222494070665482135e-05,2.713336723249908859e-05,3.103594852479500720e-05,3.405818641812784686e-05,3.631313819950930720e-05,3.790243043276285493e-05,3.891721361962855119e-05,3.943905761237674910e-05,3.954078841454772265e-05,3.928726759494464152e-05,3.873611600990115831e-05,3.793838389398491458e-05,3.693916965268870039e-05,3.577818988441665727e-05,3.449030328439326256e-05,3.310599115029641472e-05,3.165179722782112488e-05,3.015072961250233995e-05,2.862262736958148118e-05,2.708449445327060134e-05,2.555080340643112207e-05,2.403377120666732572e-05,2.254360949965534714e-05,2.108875132904531664e-05,1.967605633773989246e-05,1.831099628046853008e-05,1.699782255454126463e-05,1.573971732622888250e-05,1.453892970573248647e-05,1.339689830517688388e-05,1.231436140219100482e-05,1.129145582686515254e-05,1.032780559242280538e-05,9.422601199855200896e-06,8.574670463933716966e-06,7.782541632215335108e-06,7.044499499577915378e-06,6.358635158086854168e-06,5.722889965181248746e-06,5.135094261825918544e-06,4.593001325947110257e-06,4.094317004692968853e-06,3.636725431389575735e-06,3.217911199066658319e-06,2.835578331702952078e-06,2.487466366511621954e-06,2.171363835309159691e-06,1.885119409974528726e-06,1.626650955933416432e-06,1.393952718249307973e-06,1.185100847057104096e-06,9.982574525519796759e-07,8.316733643911633708e-07,6.836897560480517734e-07,5.527387812684580765e-07,4.373433572286488930e-07,3.361162172125466755e-07,2.477583445530940035e-07,1.710568891746604589e-07,1.048826582930381854e-07,4.818726364294319858e-08,0.000000000000000000e+00
0.000000000000000000e+00,5.898471429082610229e-06,1.081511537335139816e-05,1.486324465248419456e-05,1.814560340970801318e-05,2.075515429529539241e-05,2.277583026789356503e-05,2.428324917180756760e-05,2.534538972751163431e-05,2.602322826650288598e-05,2.637133612417919871e-05,2.643843808787790114e-05,2.626793269185078255e-05,2.589837546651789439e-05,2.536392649503862177e-05,2.469476381471266864e-05,2.391746433201192529e-05,2.305535400560743980e-05,2.212882909843069348e-05,2.115565031384309617e-05,2.015121161803148239e-05,1.912878551587775039e-05,1.809974649528628475e-05,1.707377428928668267e-05,1.605903852964673783e-05,1.506236628325078927e-05,1.408939387570141280e-05,1.314470431766221629e-05,1.223195156018645608e-05,1.135397271714159688e-05,1.051288930702122414e-05,9.710198483840461149e-06,8.946855148117125367e-06,8.223345754621909652e-06,7.539754563938274313e-06,6.895823020060452927e-06,6.291002876310791048e-06,5.724503636708736239e-06,5.195334829430296200e-06,4.702343582954706693e-06,4.244247933656982554e-06,3.819666255692624053e-06,3.427143169738987942e-06,3.065172256202122014e-06,2.732215870565556319e-06,2.426722333351561455e-06,2.147140744402410683e-06,1.891933650600972344e-06,1.659587777488435391e-06,1.448623018274244334e-06,1.257599858263887767e-06,1.085125398570196757e-06,9.298581299617971556e-07,7.905115956968231070e-07,6.658570710701185231e-07,5.547253770644471407e-07,4.560079358543495568e-07,3.686571668932124526e-07,2.916863138611826386e-07,2.241687848158430876e-07,1.652370804310775777e-07,1.140813782015798743e-07,6.994783390683867640e-08,3.213665544093247461e-08,0.000000000000000000e+00
0.000000000000000000e+00,0.000000000000000000e+00,0.000000000000000000e+00,0.000000000000000000e+00,0.000000000000000000e+00,0.000000000000000000e+00,0.000000000000000000e+00,0.000000000000000000e+00,0.000000000000000000e+00,0.000000000000000000e+00,0.000000000000000000e+00,0.000000000000000000e+00,0.000000000000000000e+00,0.000000000000000000e+00,0.000000000000000000e+00,0.000000000000000000e+00,0.000000000000000000e+00,0.000000000000000000e+00,0.000000000000000000e+00,0.000000000000000000e+00,0.000000000000000000e+00,0.000000000000000000e+00,0.000000000000000000e+00,0.000000000000000000e+00,0.000000000000000000e+00,0.000000000000000000e+00,0.000000000000000000e+00,0.000000000000000000e+00,0.000000000000000000e+00,0.000000000000000000e+00,0.000000000000000000e+00,0.000000000000000000e+00,0.000000000000000000e+00,0.000000000000000000e+00,0.000000000000000000e+00,0.000000000000000000e+00,0.000000000000000000e+00,0.000000000000000000e+00,0.000000000000000000e+00,0.000000000000000000e+00,0.000000000000000000e+00,0.000000000000000000e+00,0.000000000000000000e+00,0.000000000000000000e+00,0.000000000000000000e+00,0.000000000000000000e+00,0.000000000000000000e+00,0.000000000000000000e+00,0.000000000000000000e+00,0.000000000000000000e+00,0.000000000000000000e+00,0.000000000000000000e+00,0.000000000000000000e+00,0.000000000000000000e+00,0.000000000000000000e+00,0.000000000000000000e+00,0.000000000000000000e+00,0.000000000000000000e+00,0.000000000000000000e+00,0.000000000000000000e+00,0.000000000000000000e+00,0.000000000000000000e+00,0.000000000000000000e+00,0.000000000000000000e+00,0.000000000000000000e+00
