0.000000000000000000e+00,0.000000000000000000e+00,0.000000000000000000e+00,0.000000000000000000e+00,0.000000000000000000e+00,0.000000000000000000e+00,0.000000000000000000e+00,0.000000000000000000e+00,0.000000000000000000e+00,0.000000000000000000e+00,0.000000000000000000e+00,0.000000000000000000e+00,0.000000000000000000e+00,0.000000000000000000e+00,0.000000000000000000e+00,0.000000000000000000e+00,0.000000000000000000e+00,0.000000000000000000e+00,0.000000000000000000e+00,0.000000000000000000e+00,0.000000000000000000e+00,0.000000000000000000e+00,0.000000000000000000e+00,0.000000000000000000e+00,0.000000000000000000e+00,0.000000000000000000e+00,0.000000000000000000e+00,0.000000000000000000e+00,0.000000000000000000e+00,0.000000000000000000e+00,0.000000000000000000e+00,0.000000000000000000e+00,0.000000000000000000e+00,0.000000000000000000e+00,0.000000000000000000e+00,0.000000000000000000e+00,0.000000000000000000e+00,0.000000000000000000e+00,0.000000000000000000e+00,0.000000000000000000e+00,0.000000000000000000e+00,0.000000000000000000e+00,0.000000000000000000e+00,0.000000000000000000e+00,0.000000000000000000e+00,0.000000000000000000e+00,0.000000000000000000e+00,0.000000000000000000e+00,0.000000000000000000e+00,0.000000000000000000e+00,0.000000000000000000e+00,0.000000000000000000e+00,0.000000000000000000e+00,0.000000000000000000e+00,0.000000000000000000e+00,0.000000000000000000e+00,0.000000000000000000e+00,0.000000000000000000e+00,0.000000000000000000e+00,0.000000000000000000e+00,0.000000000000000000e+00,0.000000000000000000e+00,0.000000000000000000e+00,0.000000000000000000e+00,0.000000000000000000e+00
0.000000000000000000e+00,-4.542187035236488070e-12,-1.028649403102267016e-11,-1.745407832424583072e-11,-2.629901132056999484e-11,-3.711231719174360166e-11,-5.022639760335326616e-11,-6.601986356973247328e-11,-8.492279384935839025e-11,-1.074224368325352755e-10,-1.340693694781765423e-10,-1.654841223389717599e-10,-2.023642738527396575e-10,-2.454920096133418226e-10,-2.957421329645446235e-10,-3.540905016313288654e-10,-4.216228508033576212e-10,-4.995439456343960481e-10,-5.891869849604173601e-10,-6.920231525177209867e-10,-8.096711813049765132e-10,-9.439067601027620348e-10,-1.096671567523611355e-09,-1.270081667137201537e-09,-1.466434935836087727e-09,-1.688217125103456825e-09,-1.938106069399289971e-09,-2.218973455403327089e-09,-2.533883447936095662e-09,-2.886087330260787098e-09,-3.279013154982892173e-09,-3.716249213290417626e-09,-4.201519910681146835e-09,-4.738652381897534771e-09,-5.331531881183512849e-09,-5.984043640127227026e-09,-6.699998487402355214e-09,-7.483039064938746151e-09,-8.336522944752278289e-09,-9.263378340107997491e-09,-1.026592740301080915e-08,-1.134567129512168307e-08,-1.250303029768603760e-08,-1.373703117315634721e-08,-1.504493279066556637e-08,-1.642177966164517752e-08,-1.785987148144013122e-08,-1.934813501701160685e-08,-2.087138269752295470e-08,-2.240944003021299388e-08,-2.393612145370884285e-08,-2.541803142912307370e-08,-2.681316442962376906e-08,-2.806927399526624991e-08,-2.912197714584137542e-08,-2.989255616577161289e-08,-3.028541506944419419e-08,-3.018514290421871661e-08,-2.945313043826411879e-08,-2.792368070508217938e-08,-2.539954733920265887e-08,-2.164682765349512333e-08,-1.638913000881558850e-08,-9.300927261842940880e-09,0.000000000000000000e+00
0.000000000000000000e+00,-9.022191535985920639e-12,-2.043216554350666008e-11,-3.466920841801258499e-11,-5.223798380879337389e-11,-7.371655465229133393e-11,-9.976517196035901041e-11,-1.311358722721638707e-10,-1.686829223284895249e-10,-2.133741446377035681e-10,-2.663031508590920740e-10,-3.287025009560131482e-10,-4.019577944286289993e-10,-4.876226851093808689e-10,-5.874347923928477520e-10,-7.033324586733448708e-10,-8.374722743601901741e-10,-9.922472571781870325e-10,-1.170305530429216375e-09,-1.374569294198280217e-09,-1.608253822633261818e-09,-1.874886147669737439e-09,-2.178323002890586069e-09,-2.522767498264811643e-09,-2.912783874594719489e-09,-3.353309542488227000e-09,-3.849663440956461644e-09,-4.407549551160541023e-09,-5.033054166616499462e-09,-5.732635246826833739e-09,-6.513101860552814927e-09,-7.381581350580873603e-09,-8.345471415658865824e-09,-9.412373797931681415e-09,-1.059000567506499880e-08,-1.188608417326347953e-08,-1.330817862694865743e-08,-1.486352429760567164e-08,-1.655879021098175126e-08,-1.839979255908239535e-08,-2.039114371967550158e-08,-2.253582534725770487e-08,-2.483467215905093838e-08,-2.728575094822030053e-08,-2.988361697191086392e-08,-3.261842714869255931e-08,-3.547488642036583043e-08,-3.843100014561184097e-08,-4.145660145354858970e-08,-4.451161804707423900e-08,-4.754403795974970668e-08,-5.048752818485783719e-08,-5.325865385894279882e-08,-5.575363874215613475e-08,-5.784460004268501872e-08,-5.937518213363235053e-08,-6.015550436381171540e-08,-5.995632793206934366e-08,-5.850233565130175263e-08,-5.546440636080590292e-08,-5.045075276021980590e-08,-4.299677756568142093e-08,-3.255348819049010353e-08,-1.847429472890709391e-08,0.000000000000000000e+00
0.000000000000000000e+00,-1.342825625269939632e-11,-3.041038800689998452e-11,-5.160020935986313475e-11,-7.774883850033279931e-11,-1.097166371815848214e-10,-1.484862913604597527e-10,-1.951770953755964031e-10,-2.510604970487897810e-10,-3.175769538158379459e-10,-3.963541399561986334e-10,-4.892265316352881207e-10,-5.982563791447910589e-10,-7.257560536592966551e-10,-8.743117281273459212e-10,-1.046808317537156775e-09,-1.246455561523799168e-09,-1.476815080695898237e-09,-1.741828175503607419e-09,-2.045844061023251711e-09,-2.393648140464242181e-09,-2.790489811917818797e-09,-3.242109173858150608e-09,-3.754761841692378338e-09,-4.335240906209023946e-09,-4.990894850439797264e-09,-5.729639988859749138e-09,-6.559965695820312940e-09,-7.490930341526236910e-09,-8.532145445564463113e-09,-9.693745080611810030e-09,-1.098633700178351204e-08,-1.242093132791672243e-08,-1.400884184599344312e-08,-1.576155413308044585e-08,-1.769055367366984954e-08,-1.980710597387596269e-08,-2.212197931472641508e-08,-2.464509921909558208e-08,-2.738512190188201872e-08,-3.034891189869591935e-08,-3.354090668884676389e-08,-3.696234840419733504e-08,-4.061035960278162294e-08,-4.447683653700424001e-08,-4.854712930835723178e-08,-5.279847371704035190e-08,-5.719813442430573968e-08,-6.170121318212276039e-08,-6.624806927918196431e-08,-7.076129193114291286e-08,-7.514215603037815727e-08,-7.926648338857233616e-08,-8.297982127632683551e-08,-8.609183861088478936e-08,-8.836982749358608070e-08,-8.953118388700521114e-08,-8.923472599289907465e-08,-8.707069230645393326e-08,-8.254924336123489698e-08,-7.508727185202683480e-08,-6.399330517489621392e-08,-4.845026254693093218e-08,-2.749580591161856516e-08,0.000000000000000000e+00
0.000000000000000000e+00,-1.774897418780440372e-11,-4.019532810490241702e-11,-6.820324620781826643e-11,-1.027655246175389359e-10,-1.450193519227008454e-10,-1.962635982631797632e-10,-2.579776951294958402e-10,-3.318421817161730262e-10,-4.197609840475077800e-10,-5.238854798272510465e-10,-6.466403843107768916e-10,-7.907514695942523144e-10,-9.592751005483054677e-10,-1.155629534011366105e-09,-1.383627882419713576e-09,-1.647512587177614244e-09,-1.951991178885386823e-09,-2.302273018861984314e-09,-2.704106616680716025e-09,-3.163816998730499253e-09,-3.688342459693156837e-09,-4.285269858316335722e-09,-4.962867416358947741e-09,-5.730113739768094837e-09,-6.596721497861003587e-09,-7.573153862438415414e-09,-8.670631416171196000e-09,-9.901126778879909603e-09,-1.127734366067322082e-08,-1.281267641995617207e-08,-1.452114546791297568e-08,-1.641730300306126112e-08,-1.851610256146814180e-08,-2.083272470930806351e-08,-2.338234986093284323e-08,-2.617986765072186911e-08,-2.923951049048206307e-08,-3.257439687212113495e-08,-3.619596758968082086e-08,-4.011329531311690714e-08,-4.433224480119299443e-08,-4.885445744016429609e-08,-5.367612968081009172e-08,-5.878655025541814417e-08,-6.416635571930007208e-08,-6.978545780313264834e-08,-7.560058920181129844e-08,-8.155240667577883833e-08,-8.756208160985281930e-08,-9.352729836565775405e-08,-9.931756977644263883e-08,-1.047687668645820553e-07,-1.096767462092582208e-07,-1.137899432535226192e-07,-1.168007831201471850e-07,-1.183357421175451167e-07,-1.179438729878553505e-07,-1.150835850266193902e-07,-1.091074464626962361e-07,-9.924475094045948293e-08,-8.458156265401005548e-08,-6.403792576620461651e-08,-3.634189340121020945e-08,0.000000000000000000e+00
0.000000000000000000e+00,-2.197332432994903614e-11,-4.976202667489815890e-11,-8.443596735753682527e-11,-1.272242265715660848e-10,-1.795346405403565002e-10,-2.429752048244361513e-10,-3.193774468201750379e-10,-4.108218613221468251e-10,-5.196654911116576360e-10,-6.485717181088388602e-10,-8.005423087710301160e-10,-9.789517290649499369e-10,-1.187583708231914605e-09,-1.430669985240259798e-09,-1.712931115568580277e-09,-2.039619146794291906e-09,-2.416561887052136043e-09,-2.850208388072510238e-09,-3.347675141065241978e-09,-3.916792335525879905e-09,-4.566149353866811071e-09,-5.305138463695149292e-09,-6.143995418875860047e-09,-7.093835383641572976e-09,-8.166682243324429183e-09,-9.375488952007126388e-09,-1.073414608139956076e-08,-1.225747516490661546e-08,-1.396120276280026531e-08,-1.586191039332996420e-08,-1.797695456298482716e-08,-2.032435006696304622e-08,-2.292260849543457394e-08,-2.579052244652228779e-08,-2.894688428373822034e-08,-3.241012635072719114e-08,-3.619786733219708882e-08,-4.032634688481987222e-08,-4.480972770857680064e-08,-4.965924083490637881e-08,-5.488214601459800561e-08,-6.048047463083887349e-08,-6.644951746966567178e-08,-7.277601387279279098e-08,-7.943599219067108176e-08,-8.639220395357981099e-08,-9.359108568522845011e-08,-1.009591726892525992e-07,-1.083988783301531646e-07,-1.157835401867941628e-07,-1.229516208542561525e-07,-1.296999359813718226e-07,-1.357757652289732340e-07,-1.408676830924297202e-07,-1.445949258326546669e-07,-1.464950879948067260e-07,-1.460099170734311773e-07,-1.424689477417942616e-07,-1.350706876712054859e-07,-1.228610353383161810e-07,-1.047085764292213847e-07,-7.927636964845249479e-08,-4.498979517316595860e-08,0.000000000000000000e+00
0.000000000000000000e+00,-2.609070559847249214e-11,-5.908647558569873945e-11,-1.002576350027484074e-10,-1.510635605649855353e-10,-2.131758767158657849e-10,-2.885038685394761019e-10,-3.792222326750924509e-10,-4.878012776737397386e-10,-6.170396710939305914e-10,-7.700998111301457891e-10,-9.505458746174297098e-10,-1.162384559587227070e-09,-1.410108497676262035e-09,-1.698742257873872448e-09,-2.033890796305292474e-09,-2.421790124622483668e-09,-2.869359869353206536e-09,-3.384257273032613795e-09,-3.974932041376200271e-09,-4.650681264809112008e-09,-5.421703432308421807e-09,-6.299150304900970476e-09,-7.295175118525766665e-09,-8.422975233490942329e-09,-9.696826931390005548e-09,-1.113210956966150682e-08,-1.274531572696498520e-08,-1.455404329538567360e-08,-1.657696468230737148e-08,-1.883376735742254928e-08,-2.134505889798524691e-08,-2.413222842431347590e-08,-2.721725485067338868e-08,-3.062245067329757511e-08,-3.437012804257354732e-08,-3.848217158100015948e-08,-4.297949976795394551e-08,-4.788139366671951154e-08,-5.320466826270609632e-08,-5.896265765184553014e-08,-6.516398069539404578e-08,-7.181104846476808562e-08,-7.889826875273750952e-08,-8.640989603205638287e-08,-9.431746739765507221e-08,-1.025767561233119243e-07,-1.111241643790874472e-07,-1.198724652641561671e-07,-1.287057914755849098e-07,-1.374737535148565177e-07,-1.459845541828297224e-07,-1.539969480793355633e-07,-1.612108747540190877e-07,-1.672565719016192235e-07,-1.716819504164408557e-07,-1.739379860896617009e-07,-1.733618531423152038e-07,-1.691574925592705717e-07,-1.603732732889378280e-07,-1.458763668178458128e-07,-1.243234155069102993e-07,-9.412703256512644938e-08,-5.341762692671945329e-08,0.000000000000000000e+00
0.000000000000000000e+00,-3.009096886811017430e-11,-6.814569026712010256e-11,-1.156292482161590812e-10,-1.742247600719455606e-10,-2.458601279404461375e-10,-3.327373466259032054e-10,-4.373645078068378371e-10,-5.625906289348309766e-10,-7.116434190391965999e-10,-8.881700711256696116e-10,-1.096281140927816000e-09,-1.340597532939876475e-09,-1.626300565214193863e-09,-1.959185022341283727e-09,-2.345715029006480842e-09,-2.793082481805310024e-09,-3.309267661420519755e-09,-3.903101507115210302e-09,-4.584328866472617483e-09,-5.363671830410355236e-09,-6.252892020906864375e-09,-7.264850409865114303e-09,-8.413562904301970885e-09,-9.714249526567837187e-09,-1.118337453814136113e-08,-1.283867428968394645e-08,-1.469916891461907800e-08,-1.678515320258858260e-08,-1.911816107443409349e-08,-2.172089701088888978e-08,-2.461712653895611426e-08,-2.783151642561577720e-08,-3.138941353685803832e-08,-3.531654935564311777e-08,-3.963865487507049617e-08,-4.438096794737565142e-08,-4.956761212415996177e-08,-5.522082251093423577e-08,-6.135999011512638057e-08,-6.800049151915202004e-08,-7.515226537886320480e-08,-8.281809114390342671e-08,-9.099151842229048309e-08,-9.965438745940230935e-08,-1.087738721540711413e-07,-1.182989667641997310e-07,-1.281563258237561781e-07,-1.382453536549968285e-07,-1.484324250581467423e-07,-1.585441021314403687e-07,-1.683591935470931718e-07,-1.775994818091749938e-07,-1.859189208725409339e-07,-1.928910808363467553e-07,-1.979945880784052952e-07,-2.005962780204088165e-07,-1.999317435854717546e-07,-1.950829252395684393e-07,-1.849523482553686736e-07,-1.682335695214449647e-07,-1.433773499436376598e-07,-1.085530194536678774e-07,-6.160445018756196456e-08,0.000000000000000000e+00
0.000000000000000000e+00,-3.396444695695249323e-11,-7.691777762640692768e-11,-1.305136582010301198e-10,-1.966518495177651372e-10,-2.775084006492636921e-10,-3.755687278496777768e-10,-4.936637364900848313e-10,-6.350091309809217598e-10,-8.032480392643341506e-10,-1.002497053067291686e-09,-1.237395751323620271e-09,-1.513159730345032348e-09,-1.835637108512325833e-09,-2.211368403206639566e-09,-2.647649590766523547e-09,-3.152598053360334229e-09,-3.735220986216324831e-09,-4.405485680476949076e-09,-5.174390906179617616e-09,-6.054038390866365788e-09,-7.057703115534164763e-09,-8.199900823454954869e-09,-9.496450750014027381e-09,-1.096453112295495385e-08,-1.262272444050710550e-08,-1.449104889623786137e-08,-1.659097156847304031e-08,-1.894539811078344551e-08,-2.157863264768892393e-08,-2.451630037272061813e-08,-2.778522393723043708e-08,-3.141324307694731792e-08,-3.542896501404586882e-08,-3.986143095542178473e-08,-4.473968143760964255e-08,-5.009220029407416294e-08,-5.594621358364784905e-08,-6.232681585471650565e-08,-6.925589155556258041e-08,-7.675079415578642276e-08,-8.482273952650438811e-08,-9.347486323787305758e-08,-1.026998835608889774e-07,-1.124773029849872634e-07,-1.227700708512231623e-07,-1.335206181088331051e-07,-1.446461620756027618e-07,-1.560331642535660271e-07,-1.675308075448426749e-07,-1.789433404426579679e-07,-1.900211147475292023e-07,-2.004501198815367085e-07,-2.098397907470180076e-07,-2.177088371062142508e-07,-2.234688104615271828e-07,-2.264050892258011696e-07,-2.256549244490972725e-07,-2.201821464123261157e-07,-2.087480869615098258e-07,-1.898782235627027701e-07,-1.618239988215442433e-07,-1.225192138645870088e-07,-6.953033589956156196e-08,0.000000000000000000e+00
0.000000000000000000e+00,-3.770198246698939340e-11,-8.538199910082909405e-11,-1.448756752879313729e-10,-2.182918055165350577e-10,-3.080458677905019870e-10,-4.168967405674018866e-10,-5.479867971576629692e-10,-7.048855384893214099e-10,-8.916369046996695379e-10,-1.112810377827134095e-09,-1.373555950375705343e-09,-1.679662985873660645e-09,-2.037622935599998958e-09,-2.454695797896022806e-09,-2.938980109985183533e-09,-3.499486143573980299e-09,-4.146211830717483621e-09,-4.890220770867693449e-09,-5.743721458288035141e-09,-6.720146614844712678e-09,-7.834231209300244863e-09,-9.102087382198569410e-09,-1.054127406547262386e-08,-1.217085857672067738e-08,-1.401146686662345465e-08,-1.608531838914545842e-08,-1.841624073062152473e-08,-2.102965815560979971e-08,-2.395254708157395202e-08,-2.721335015477119945e-08,-3.084183903611821027e-08,-3.486891418398209266e-08,-3.932632780172888639e-08,-4.424631365705342484e-08,-4.966110462728508923e-08,-5.560231552310072939e-08,-6.210016492822991555e-08,-6.918250539267711165e-08,-7.687362625091468788e-08,-8.519278751417800542e-08,-9.415243660703963639e-08,-1.037560520716326196e-07,-1.139955496255283281e-07,-1.248481759966335309e-07,-1.362728046234599201e-07,-1.482055344419659902e-07,-1.605544784086524580e-07,-1.731936119492517458e-07,-1.859555329774993119e-07,-1.986229642934669984e-07,-2.109188058323320998e-07,-2.224945181738871886e-07,-2.329165897212524044e-07,-2.416508077990878243e-07,-2.480440184030013422e-07,-2.513030202681191509e-07,-2.504701961612568240e-07,-2.443954377261836955e-07,-2.317038697725264959e-07,-2.107588256217317011e-07,-1.796194671356314040e-07,-1.359923816114070922e-07,-7.717642325032522336e-08,0.000000000000000000e+00
0.000000000000000000e+00,-4.129495337302171455e-11,-9.351882861038929122e-11,-1.586821672760136579e-10,-2.390947050627917653e-10,-3.374020779767603253e-10,-4.566260358301770966e-10,-6.002083545968388399e-10,-7.720586238092889099e-10,-9.766060627832011929e-10,-1.218855488577939667e-09,-1.504447517526483495e-09,-1.839723028881519862e-09,-2.231791851274952062e-09,-2.688605547526659774e-09,-3.219034067655825909e-09,-3.832945910001573569e-09,-4.541291271787289782e-09,-5.356187478186588313e-09,-6.291005747061809034e-09,-7.360458068183620067e-09,-8.580682642935682151e-09,-9.969325934020224138e-09,-1.154561890380785538e-08,-1.333044446233676305e-08,-1.534639248725846548e-08,-1.761779800174782383e-08,-2.017075718353427288e-08,-2.303311480690344959e-08,-2.623441546466162030e-08,-2.980580944987597782e-08,-3.377990246479356433e-08,-3.819053632912731610e-08,-4.307248553909117707e-08,-4.846105183353255168e-08,-5.439153579912651964e-08,-6.089856093053143053e-08,-6.801522138338810068e-08,-7.577201983908271048e-08,-8.419555635177655403e-08,-9.330692267150229432e-08,-1.031197492221768502e-07,-1.136378435383746453e-07,-1.248523493952136955e-07,-1.367383449542024877e-07,-1.492507858332074159e-07,-1.623196849158638029e-07,-1.758444047560835580e-07,-1.896869204047697261e-07,-2.036638901740646233e-07,-2.175373490341596672e-07,-2.310038137750811562e-07,-2.436815605216902027e-07,-2.550958034241890411e-07,-2.646614681230549021e-07,-2.716632146829744684e-07,-2.752323219025945620e-07,-2.743199980663325034e-07,-2.676666321886915964e-07,-2.537664445529038202e-07,-2.308269358924135401e-07,-1.967224710452158041e-07,-1.489412656086740562e-07,-8.452497349515655377e-08,0.000000000000000000e+00
0.000000000000000000e+00,-4.473529626244936800e-11,-1.013100051898314688e-10,-1.719021487440512824e-10,-2.590138601124466719e-10,-3.655111454214384360e-10,-4.946674444694461496e-10,-6.502111979259843470e-10,-8.363776117846651919e-10,-1.057964785594358687e-09,-1.320394337541675184e-09,-1.629776614958950177e-09,-1.992980521106735522e-09,-2.417707915580520974e-09,-2.912572453440504687e-09,-3.487182613685285870e-09,-4.152228526930598384e-09,-4.919572040389106370e-09,-5.802339249975763000e-09,-6.815014478187971661e-09,-7.973534374895724803e-09,-9.295380457693677548e-09,-1.079966797900601458e-08,-1.250722849710468171e-08,-1.444068292419065869e-08,-1.662450111120354243e-08,-1.908504318819058960e-08,-2.185057689029314210e-08,-2.495126393900858630e-08,-2.841910718917085483e-08,-3.228784866289148071e-08,-3.659280673687017797e-08,-4.137063858831746445e-08,-4.665901149088000599e-08,-5.249616363273939331e-08,-5.892033174475042718e-08,-6.596901890957774006e-08,-7.367807139714807248e-08,-8.208052815179288409e-08,-9.120520054632342570e-08,-1.010749331108904750e-07,-1.117044880207159797e-07,-1.230979870546609294e-07,-1.352458343705135711e-07,-1.481210316229717554e-07,-1.616747835019733012e-07,-1.758312765027444977e-07,-1.904814964502292684e-07,-2.054759307705814646e-07,-2.206159794988582526e-07,-2.356438742908919278e-07,-2.502308770151966608e-07,-2.639634985784939355e-07,-2.763274442257020197e-07,-2.866889533967363577e-07,-2.942731600758879338e-07,-2.981390532156104905e-07,-2.971505660715466751e-07,-2.899432680169635392e-07,-2.748860725498488837e-07,-2.500373107952268410e-07,-2.130944509896954310e-07,-1.613366715194861354e-07,-9.155941856455268752e-08,0.000000000000000000e+00
0.000000000000000000e+00,-4.801552713560698368e-11,-1.087385800953720103e-10,-1.845068609840794957e-10,-2.780059380297734089e-10,-3.923119199216195547e-10,-5.309382071651082323e-10,-6.978865430371417355e-10,-8.977025688375219166e-10,-1.135536062086798237e-09,-1.417206000413677446e-09,-1.749270546112067971e-09,-2.139101984390652685e-09,-2.594966569452461863e-09,-3.126109133533300874e-09,-3.742842191165964330e-09,-4.456639119871501872e-09,-5.280230814139730183e-09,-6.227704986045611806e-09,-7.314607016291206472e-09,-8.558040935884882745e-09,-9.976768731809605655e-09,-1.159130570914915114e-08,-1.342400909479435675e-08,-1.549915641965163313e-08,-1.784300945059007779e-08,-2.048385854101516458e-08,-2.345204120784008110e-08,-2.677992749732743632e-08,-3.050186324360711579e-08,-3.465406061819345040e-08,-3.927442337826145276e-08,-4.440229190212578293e-08,-5.007809040253505962e-08,-5.634285557551908417e-08,-6.323762231050126690e-08,-7.080263788375556657e-08,-7.907637120032827691e-08,-8.809427804741929710e-08,-9.788727687200708202e-08,-1.084798821822793972e-07,-1.198879341683522651e-07,-1.321158534011454197e-07,-1.451533383428564755e-07,-1.589714107166216168e-07,-1.735176993493021987e-07,-1.887108367163670662e-07,-2.044338238621433625e-07,-2.205261984072972774e-07,-2.367748167389755465e-07,-2.529030349455558384e-07,-2.685580433354914984e-07,-2.832960761900206802e-07,-2.965651814630813334e-07,-3.076851941845494815e-07,-3.158245120847457397e-07,-3.199732222035568011e-07,-3.189120727792556872e-07,-3.111767253877418678e-07,-2.950166580551459253e-07,-2.683480209281638358e-07,-2.286996722189772913e-07,-1.731515438720601479e-07,-9.826440426199874742e-08,0.000000000000000000e+00
0.000000000000000000e+00,-5.112875968404201886e-11,-1.157889581990788257e-10,-1.964698422401987682e-10,-2.960310674221492343e-10,-4.177481362124632420e-10,-5.653621765823577071e-10,-7.431342983036169894e-10,-9.559047447680262139e-10,-1.209157030466024452e-09,-1.509087216023165661e-09,-1.862678421831510655e-09,-2.277780615339553419e-09,-2.763195623067788376e-09,-3.328767212996319549e-09,-3.985475962154617693e-09,-4.745538463400412007e-09,-5.622510229107067469e-09,-6.631391411502618731e-09,-7.788734172409543636e-09,-9.112750190627501083e-09,-1.062341638332184413e-08,-1.234257642709242728e-08,-1.429403508165634852e-08,-1.650364162896200695e-08,-1.899935792535511422e-08,-2.181130560371783013e-08,-2.497178583276991612e-08,-2.851526371488980086e-08,-3.247830785081594527e-08,-3.689947378380360564e-08,-4.181911791650543785e-08,-4.727912602450208551e-08,-5.332253761806529232e-08,-5.999304406817466510e-08,-6.733433454579415640e-08,-7.538925934777072517e-08,-8.419877501144673990e-08,-9.380062965536932122e-08,-1.042277401157555045e-07,-1.155062045552381976e-07,-1.276528851657427399e-07,-1.406724852202565876e-07,-1.545540328823285511e-07,-1.692666706746272493e-07,-1.847546341392486545e-07,-2.009312857759724045e-07,-2.176720505866416665e-07,-2.348060772340490004e-07,-2.521064236766204469e-07,-2.692785378867712068e-07,-2.859467726113991607e-07,-3.016386377912497119e-07,-3.157664549241576024e-07,-3.276060340435321133e-07,-3.362719458107444089e-07,-3.406889082375416266e-07,-3.395587495520138792e-07,-3.313223455472511669e-07,-3.141158613338436669e-07,-2.857205537903337143e-07,-2.435053123419194365e-07,-1.843610323450170096e-07,-1.046258278816236100e-07,0.000000000000000000e+00
0.000000000000000000e+00,-5.406872097257419876e-11,-1.224469335029567361e-10,-2.077669879676087348e-10,-3.130529289332887092e-10,-4.417685420874482048e-10,-5.978699907577494306e-10,-7.858632924756960362e-10,-1.010866865885672868e-09,-1.278679348960647739e-09,-1.595852849045366886e-09,-1.969771731460171028e-09,-2.408736983632447324e-09,-2.922056102900500687e-09,-3.520138344660454120e-09,-4.214595029201617982e-09,-5.018344435503488160e-09,-5.945720602740849935e-09,-7.012585108618889214e-09,-8.236440590209061717e-09,-9.636544408697896015e-09,-1.123402042396895760e-08,-1.305196632612270043e-08,-1.511555335489490767e-08,-1.745211450826249684e-08,-2.009121647960391207e-08,-2.306470954701685349e-08,-2.640674844390838674e-08,-3.015377583814423409e-08,-3.434445840502064244e-08,-3.901956355944240930e-08,-4.422176267187740037e-08,-4.999534398172959444e-08,-5.638581538471821886e-08,-6.343937374399465123e-08,-7.120221328591772794e-08,-7.971964090902468756e-08,-8.903496076678344773e-08,-9.918808417776181657e-08,-1.102138136550063761e-07,-1.221397415002709670e-07,-1.349836938342940061e-07,-1.487506399720454750e-07,-1.634289745257487302e-07,-1.789860653352469415e-07,-1.953629440739100923e-07,-2.124679979295325099e-07,-2.301694998664328189e-07,-2.482867913725600978e-07,-2.665799050030012181e-07,-2.847373841537363547e-07,-3.023620240304600978e-07,-3.189542204032739107e-07,-3.338925711442653179e-07,-3.464113294225484140e-07,-3.555742564871599158e-07,-3.602443659368601099e-07,-3.590489900350677113e-07,-3.503395318171744454e-07,-3.321451943803094318e-07,-3.021199008786069633e-07,-2.574815355522392332e-07,-1.949425479635913497e-07,-1.106308700994301650e-07,0.000000000000000000e+00
0.000000000000000000e+00,-5.682976446023571760e-11,-1.286997186257868560e-10,-2.183766008625868394e-10,-3.290388306194758114e-10,-4.643270047548281486e-10,-6.283992170181001882e-10,-8.259914638234195065e-10,-1.062483378262282955e-09,-1.343969503458504085e-09,-1.677336273859014744e-09,-2.070344816517958472e-09,-2.531719611103726262e-09,-3.071242954005339576e-09,-3.699855054757063751e-09,-4.429759447626136444e-09,-5.274533222472810797e-09,-6.249241360897472850e-09,-7.370554199254879472e-09,-8.656866721219040448e-09,-1.012841799978661454e-08,-1.180740865095511552e-08,-1.371811361610037642e-08,-1.588698694258680096e-08,-1.834275446535149562e-08,-2.111648938643348269e-08,-2.424166468197983093e-08,-2.775417501100407412e-08,-3.169231932702329681e-08,-3.609673366813074109e-08,-4.101026158348966552e-08,-4.647774729938802683e-08,-5.254573398418523386e-08,-5.926204627983800667e-08,-6.667523256130071686e-08,-7.483383808810232041e-08,-8.378547523904505385e-08,-9.357565127454155786e-08,-1.042463074428991628e-07,-1.158340156150655416e-07,-1.283677698609261513e-07,-1.418663003178705648e-07,-1.563348251812996505e-07,-1.717611434820470206e-07,-1.881109563041496082e-07,-2.053222870162249154e-07,-2.232988516999235294e-07,-2.419022089997448660e-07,-2.609424938117228402e-07,-2.801675112788583579e-07,-2.992499361584580159e-07,-3.177723274486528016e-07,-3.352096288787765351e-07,-3.509087821499557342e-07,-3.640650313335315359e-07,-3.736944432875606214e-07,-3.786021100565958758e-07,-3.773454347433442902e-07,-3.681918321136812896e-07,-3.490700991387311094e-07,-3.175146288273843721e-07,-2.706015532508596300e-07,-2.048758089940586558e-07,-1.162680210174097723e-07,0.000000000000000000e+00
0.000000000000000000e+00,-5.940688030539676257e-11,-1.345359681388858030e-10,-2.282794304533816289e-10,-3.439597675925454504e-10,-4.853825949843717799e-10,-6.568944658293022581e-10,-8.634460097348449398e-10,-1.110660640089912802e-09,-1.404909050723287108e-09,-1.753389677948988200e-09,-2.164215244999349435e-09,-2.646505429194710625e-09,-3.210485594617141590e-09,-3.867591410595238915e-09,-4.630579024356841068e-09,-5.513640269389115290e-09,-6.532522163093187519e-09,-7.704649670937395648e-09,-9.049250381010619070e-09,-1.058747933279251795e-08,-1.234254176563918166e-08,-1.433981098265260047e-08,-1.660693784887763034e-08,-1.917394764135888505e-08,-2.207331902192695096e-08,-2.534003878795312657e-08,-2.901162474438060871e-08,-3.312810750067808638e-08,-3.773196019287393220e-08,-4.286796302214602902e-08,-4.858298704024420110e-08,-5.492567874427559017e-08,-6.194602370755530913e-08,-6.969476359936865652e-08,-7.822263645531904180e-08,-8.757940486179443130e-08,-9.781263071188739622e-08,-1.089661482622120772e-07,-1.210781792431320276e-07,-1.341790246067526835e-07,-1.482882569794251627e-07,-1.634113258431422811e-07,-1.795354737096781055e-07,-1.966248458602306956e-07,-2.146146583697735532e-07,-2.334042688674025373e-07,-2.528489715300529067e-07,-2.727503118762171171e-07,-2.928446877100164500e-07,-3.127899697397964887e-07,-3.321498386225747362e-07,-3.503754941216052424e-07,-3.667843463628925737e-07,-3.805352484982062628e-07,-3.905997741046505412e-07,-3.957289810823335811e-07,-3.944150364075153330e-07,-3.848470026819831105e-07,-3.648600079063985997e-07,-3.318769343355850040e-07,-2.828416708467843760e-07,-2.141428763715127145e-07,-1.215271002670177852e-07,0.000000000000000000e+00
0.000000000000000000e+00,-6.179570291159237424e-11,-1.399457956523502269e-10,-2.374587020851296678e-10,-3.577904656783963755e-10,-5.048996486903630649e-10,-6.833074740967293305e-10,-8.981634961422670315e-10,-1.155317062338243582e-09,-1.461394796175473296e-09,-1.823884283589325846e-09,-2.251224084732342869e-09,-2.752900112877226734e-09,-3.339548320773106651e-09,-4.023063507404275892e-09,-4.816713900057885281e-09,-5.735260972303022078e-09,-6.795083721400370969e-09,-8.014306341211393639e-09,-9.412927880031085601e-09,-1.101295205667161482e-08,-1.283851491066622358e-08,-1.491600736983440892e-08,-1.727418911465173977e-08,-1.994428928539781144e-08,-2.296008859352376169e-08,-2.635797623842174457e-08,-3.017697366636543940e-08,-3.445871560713041572e-08,-3.924737694815697629e-08,-4.458953181305712924e-08,-5.053392865156993486e-08,-5.713116216554033656e-08,-6.443321942612687596e-08,-7.249287350847946526e-08,-8.136289329910019238e-08,-9.109503272474679376e-08,-1.017387564049122125e-07,-1.133396515244090949e-07,-1.259374674259342213e-07,-1.395637148867761431e-07,-1.542387461044653814e-07,-1.699682238907947906e-07,-1.867388742610397866e-07,-2.045134002844465228e-07,-2.232244164918758321e-07,-2.427672420548080050e-07,-2.629913670741881054e-07,-2.836903793451787568e-07,-3.045901085736793987e-07,-3.253347108749357492e-07,-3.454703781333649444e-07,-3.644263140873210611e-07,-3.814925714627885929e-07,-3.957942917626210588e-07,-4.062618310875279487e-07,-4.115961913178308558e-07,-4.102291058664543777e-07,-4.002770528395527281e-07,-3.794883857241679960e-07,-3.451826827033279439e-07,-2.941813205854799481e-07,-2.227281785467913110e-07,-1.263992711072450876e-07,0.000000000000000000e+00
0.000000000000000000e+00,-6.399251568284515780e-11,-1.449207845811761055e-10,-2.459001351791277508e-10,-3.705094089110651175e-10,-5.228478056974496916e-10,-7.075971575752089368e-10,-9.300899263283096001e-10,-1.196383197137283353e-09,-1.513338905514299598e-09,-1.888710486908274421e-09,-2.331236074695878255e-09,-2.850738289708294399e-09,-3.458230559341398767e-09,-4.166029772407064919e-09,-4.987874912240911085e-09,-5.939051109398024957e-09,-7.036518309794387441e-09,-8.299043456532915498e-09,-9.747334724749714112e-09,-1.140417591800868368e-08,-1.329455861973161846e-08,-1.544580907957838157e-08,-1.788770608602421947e-08,-2.065258521346093163e-08,-2.377542381282891509e-08,-2.729389991353155211e-08,-3.124841679175670528e-08,-3.568208330248353691e-08,-4.064063813051706701e-08,-4.617230384531430294e-08,-5.232755399417637111e-08,-5.915877338039661137e-08,-6.671978808088961140e-08,-7.506523758634987923e-08,-8.424975661069827943e-08,-9.432692851890191103e-08,-1.053479658543100755e-07,-1.173600659860225812e-07,-1.304043813063364401e-07,-1.445135335347936995e-07,-1.597085903583716586e-07,-1.759954096680215435e-07,-1.933602418317181744e-07,-2.117644635446115611e-07,-2.311382975678988579e-07,-2.513733508382490397e-07,-2.723137787063766424e-07,-2.937458551332305986e-07,-3.153856972026209502e-07,-3.368648569504152239e-07,-3.577134538997642659e-07,-3.773404774577825025e-07,-3.950108390987222864e-07,-4.098186996658866849e-07,-4.206565368218927351e-07,-4.261793513497241248e-07,-4.247633383914818316e-07,-4.144582706169657141e-07,-3.929327546494673792e-07,-3.574114298836106004e-07,-3.046030803243683723e-07,-2.306185256918535263e-07,-1.308770484829015069e-07,0.000000000000000000e+00
0.000000000000000000e+00,-6.599425297064699427e-11,-1.494539925509142713e-10,-2.535919506981939982e-10,-3.820988507598445945e-10,-5.392020255453676054e-10,-7.297296321948297958e-10,-9.591807688589365099e-10,-1.233801773562468835e-09,-1.560668949775963740e-09,-1.947777913835138604e-09,-2.404139693684981265e-09,-2.939883623277993499e-09,-3.566366968572691070e-09,-4.296291085075278019e-09,-5.143823738126415067e-09,-6.124727009687104791e-09,-7.256489962265720758e-09,-8.558464923753079152e-09,-1.005200588687079891e-08,-1.176060707274221577e-08,-1.371003917705027188e-08,-1.592848018461329542e-08,-1.844663688690867375e-08,-2.129785234735054872e-08,-2.451819350815092730e-08,-2.814651189402592172e-08,-3.222446891150586740e-08,-3.679651553326132083e-08,-4.190981415459090755e-08,-4.761408806808522331e-08,-5.396138126993113112e-08,-6.100570812734806515e-08,-6.880256873290414353e-08,-7.740830147025591779e-08,-8.687923932912948800e-08,-9.727063073551342897e-08,-1.086352789937898449e-07,-1.210218467446299269e-07,-1.344727629844832329e-07,-1.490216600113844736e-07,-1.646902559818464460e-07,-1.814845853899789885e-07,-1.993904644978066924e-07,-2.183680613190113716e-07,-2.383454199293347636e-07,-2.592107663656575876e-07,-2.808033978805221558e-07,-3.029029285162564429e-07,-3.252166315098375529e-07,-3.473645825756194568e-07,-3.688622672636764863e-07,-3.891002699737230099e-07,-4.073206114335025851e-07,-4.225892451486342067e-07,-4.337641611396576216e-07,-4.394584768767483682e-07,-4.379978204309862565e-07,-4.273712292861490702e-07,-4.051746999029117837e-07,-3.685464280414026670e-07,-3.140926782493419378e-07,-2.378031132592012817e-07,-1.349543010406766516e-07,0.000000000000000000e+00
0.000000000000000000e+00,-6.779849920919730560e-11,-1.535399494352296711e-10,-2.605248678053612366e-10,-3.925448090706544588e-10,-5.539425803067400441e-10,-7.496782042688878407e-10,-9.854009446009764481e-10,-1.267527680770479109e-09,-1.603327883766632836e-09,-2.001015392857774725e-09,-2.469847126243340576e-09,-3.020228770962436350e-09,-3.663827386080845460e-09,-4.413690713470322466e-09,-5.284372817160956256e-09,-6.292065459158758359e-09,-7.454734359631540612e-09,-8.792259174157259851e-09,-1.032657564062331383e-08,-1.208181789211626246e-08,-1.408445838669253780e-08,-1.636344225513055321e-08,-1.895031209609150495e-08,-2.187931833426971637e-08,-2.518750917764210810e-08,-2.891479293777843013e-08,-3.310396398117796667e-08,-3.780068182390024886e-08,-4.305339082518629369e-08,-4.891316553113224678e-08,-5.543346391278675456e-08,-6.266976747266804179e-08,-7.067908338941224425e-08,-7.951927945227482225e-08,-8.924821741503714364e-08,-9.992264447020619343e-08,-1.115967956938902779e-07,-1.243206524096854052e-07,-1.381377923209848583e-07,-1.530827568030238252e-07,-1.691778487481012848e-07,-1.864292606196549446e-07,-2.048224166724179849e-07,-2.243163953942563146e-07,-2.448372778557364585e-07,-2.662702445283096426e-07,-2.884502169411530330e-07,-3.111508109579199928e-07,-3.340713351154653593e-07,-3.568215300064254658e-07,-3.789037027218093635e-07,-3.996918635046189081e-07,-4.184074196057349727e-07,-4.340909234905793587e-07,-4.455693086511838056e-07,-4.514179759992687640e-07,-4.499170168721069983e-07,-4.390007748713921346e-07,-4.161998579797383323e-07,-3.785746147037445554e-07,-3.226389836039477785e-07,-2.442735149498092166e-07,-1.386262471339639874e-07,0.000000000000000000e+00
0.000000000000000000e+00,-6.940348525096144362e-11,-1.571746490527583553e-10,-2.666920897625961560e-10,-4.018370447924585221e-10,-5.670550245186670864e-10,-7.674233297215901030e-10,-1.008724773007132148e-09,-1.297527898724092846e-09,-1.641273958176101409e-09,-2.048370844978456464e-09,-2.528294126350046684e-09,-3.091695216587735000e-09,-3.750516625001967190e-09,-4.518114067590881091e-09,-5.409385054316021791e-09,-6.440903345742411423e-09,-7.631058406706283497e-09,-9.000198662062458047e-09,-1.057077697053531957e-08,-1.236749626574430203e-08,-1.441745275523240265e-08,-1.675027340329974149e-08,-1.939824363368079371e-08,-2.239642025283356340e-08,-2.578272348983603761e-08,-2.959800074691497446e-08,-3.388605312356624847e-08,-3.869361398036312762e-08,-4.407026670375293916e-08,-5.006828637210451245e-08,-5.674238715073632935e-08,-6.414935389652997688e-08,-7.234753255914847474e-08,-8.139614944414705386e-08,-9.135442416076856215e-08,-1.022804350092384326e-07,-1.142296885508191903e-07,-1.272533370159959124e-07,-1.413959778931633148e-07,-1.566929593359148397e-07,-1.731671027466275981e-07,-1.908247398326141661e-07,-2.096509453626366834e-07,-2.296038285278088948e-07,-2.506077249607600852e-07,-2.725451077959448175e-07,-2.952470093445781939e-07,-3.184817146698110503e-07,-3.419414542204139973e-07,-3.652267843351314734e-07,-3.878283014710176350e-07,-4.091052880344838714e-07,-4.282608342983546560e-07,-4.443129216747478694e-07,-4.560608872045114038e-07,-4.620466171776371508e-07,-4.605097390285796776e-07,-4.493359948482611441e-07,-4.259978869214430818e-07,-3.874865856792343812e-07,-3.302339835837114297e-07,-2.500236652052451011e-07,-1.418894448821772476e-07,0.000000000000000000e+00
0.000000000000000000e+00,-7.080808193102164467e-11,-1.603555345878188899e-10,-2.720892791792984205e-10,-4.099690246545633597e-10,-5.785301424629820451e-10,-7.829525426548035160e-10,-1.029135878090278684e-09,-1.323781377051915370e-09,-1.674480566067037478e-09,-2.089811091741821037e-09,-2.579439779947445276e-09,-3.154232979345632941e-09,-3.826374119973132804e-09,-4.609488271723562244e-09,-5.518773306583563766e-09,-6.571137045999654889e-09,-7.785339503313935928e-09,-9.182139002127944033e-09,-1.078444055463223770e-08,-1.261744440763586550e-08,-1.470879209461444983e-08,-1.708870665376179738e-08,-1.979012286646666210e-08,-2.284880241665977309e-08,-2.630342774460215405e-08,-3.019566704067613439e-08,-3.457020126304434708e-08,-3.947470223022990656e-08,-4.495974869275435896e-08,-5.107866477767235975e-08,-5.788726226979421288e-08,-6.544346477922340846e-08,-7.380678787324099568e-08,-8.303764463819957923e-08,-9.319644078947400536e-08,-1.043424172578010415e-07,-1.165321910280604732e-07,-1.298179367562497138e-07,-1.442451421902953131e-07,-1.598498595009068665e-07,-1.766553621012844996e-07,-1.946681021901110717e-07,-2.138728478602630721e-07,-2.342268599227525989e-07,-2.556529473250031928e-07,-2.780312158941418714e-07,-3.011892977855873806e-07,-3.248908181177510219e-07,-3.488218204568342041e-07,-3.725748336943663385e-07,-3.956302190323219335e-07,-4.173343868450115236e-07,-4.368744187101165887e-07,-4.532485694877335975e-07,-4.652320575908410443e-07,-4.713374781843523211e-07,-4.697690936800276392e-07,-4.583701683489510730e-07,-4.345624190505646724e-07,-3.952765520231545084e-07,-3.368727466315077764e-07,-2.550498314028344370e-07,-1.447417763861520187e-07,0.000000000000000000e+00
0.000000000000000000e+00,-7.201179090591143511e-11,-1.630814778385387719e-10,-2.767145227865454487e-10,-4.169378680604256412e-10,-5.883638731708802417e-10,-7.962603537637455164e-10,-1.046627054759562114e-09,-1.346278862911313365e-09,-1.702936024842982394e-09,-2.125321582718129829e-09,-2.623266168026424688e-09,-3.207820201071472953e-09,-3.891373425506676488e-09,-4.687781558919808866e-09,-5.612499656432877432e-09,-6.682721558056116232e-09,-7.917524514530640893e-09,-9.338017751784675761e-09,-1.096749333064300004e-08,-1.283157717413252162e-08,-1.495837755575990122e-08,-1.737862765242931455e-08,-2.012581794660101401e-08,-2.323631329232477575e-08,-2.674944831402196784e-08,-3.070759345662150440e-08,-3.515618241778050454e-08,-4.014368982938094157e-08,-4.572154587257293079e-08,-5.194397195822876489e-08,-5.886771862545582930e-08,-6.655168333933730784e-08,-7.505638183077328914e-08,-8.444324193142428030e-08,-9.477368341924319277e-08,-1.061079410962513290e-07,-1.185035810475632449e-07,-1.320136516414254250e-07,-1.466844011698500812e-07,-1.625524829258680111e-07,-1.796415557746796198e-07,-1.979581736894194358e-07,-2.174868410533255940e-07,-2.381840915211729632e-07,-2.599714266025719355e-07,-2.827269255725130171e-07,-3.062753105007904366e-07,-3.303762187686384232e-07,-3.547104000334155553e-07,-3.788635148166592797e-07,-4.023071673184115441e-07,-4.243767552828916140e-07,-4.442456643368825445e-07,-4.608952727799727196e-07,-4.730801649331676857e-07,-4.792878764942728120e-07,-4.776924136068654400e-07,-4.661006983086978908e-07,-4.418909965816089345e-07,-4.019422814246452249e-07,-3.425533724552422082e-07,-2.593505759973759197e-07,-1.471824262379062870e-07,0.000000000000000000e+00
0.000000000000000000e+00,-7.301473283053318180e-11,-1.653527524365019056e-10,-2.805682859818226539e-10,-4.227442785672254370e-10,-5.965572136738984289e-10,-8.073481193095099590e-10,-1.061200096451046564e-09,-1.365022679057728427e-09,-1.726643295221793635e-09,-2.154906044353974441e-09,-2.659777932638203407e-09,-3.252462614793392950e-09,-3.945521570304620431e-09,-4.753002491889274474e-09,-5.690574477391197901e-09,-6.775669386953284118e-09,-8.027628447519939478e-09,-9.467852847516634450e-09,-1.111995665553312351e-08,-1.300991990590168020e-08,-1.516623910716314594e-08,-1.762007173026170091e-08,-2.040537040302893227e-08,-2.355900155427671474e-08,-2.712084208937649896e-08,-3.113384631045505509e-08,-3.564407368472703320e-08,-4.070066617543109908e-08,-4.635576163702104246e-08,-5.266432718888771458e-08,-5.968389346183774227e-08,-6.747416709247198596e-08,-7.609649474690225822e-08,-8.561314720098985825e-08,-9.608638649207532193e-08,-1.075772727768212002e-07,-1.201441601570940574e-07,-1.338408222310838262e-07,-1.487141383335898329e-07,-1.648012601727574101e-07,-1.821261656560266624e-07,-2.006954919100652142e-07,-2.204935226001419564e-07,-2.414761853825338372e-07,-2.635638933938370736e-07,-2.866330397835731651e-07,-3.105059260969970093e-07,-3.349388734555634837e-07,-3.596082295830963791e-07,-3.840939443869996195e-07,-4.078603416110765344e-07,-4.302336636053250629e-07,-4.503759100818662903e-07,-4.672544294264955190e-07,-4.796066523146179171e-07,-4.858992816783377753e-07,-4.842811701858382363e-07,-4.725290261057638927e-07,-4.479849906329371256e-07,-4.074850244940232910e-07,-3.472769291758104768e-07,-2.629267089185403773e-07,-1.492118545002894748e-07,0.000000000000000000e+00
0.000000000000000000e+00,-7.381763295512631175e-11,-1.671710012236361164e-10,-2.836533574596014944e-10,-4.273924604268512089e-10,-6.031161011733510247e-10,-8.162238815594976877e-10,-1.072865585252665541e-09,-1.380026453666977626e-09,-1.745619639175682120e-09,-2.178586052644598578e-09,-2.689001748870796575e-09,-3.288192898279961140e-09,-3.988858272050243417e-09,-4.805199015795498115e-09,-5.753055298341883101e-09,-6.850049190303963489e-09,-8.115732844341197596e-09,-9.571740706108099846e-09,-1.124194407147952491e-08,-1.315260580940709047e-08,-1.533253247654551600e-08,-1.781322034311247271e-08,-2.062899101023469189e-08,-2.381711130521808843e-08,-2.741789096725000982e-08,-3.147475025257424188e-08,-3.603424796125878747e-08,-4.114605847830067399e-08,-4.686288418517985525e-08,-5.324028698274022250e-08,-6.033641961368926989e-08,-6.821163391598769696e-08,-7.692793900053310412e-08,-8.654827754096027922e-08,-9.713558279160586024e-08,-1.087515725003429468e-07,-1.214552284304897033e-07,-1.353009016091322163e-07,-1.503359735197254784e-07,-1.665979920780002115e-07,-1.841111881753477782e-07,-2.028822636250001786e-07,-2.228953242630011319e-07,-2.441058124740075602e-07,-2.664332712429404226e-07,-2.897527466640231864e-07,-3.138846073308587306e-07,-3.385825268229133759e-07,-3.635193392108799163e-07,-3.882704367220048114e-07,-4.122943330172271045e-07,-4.349099645056139739e-07,-4.552702453268148133e-07,-4.723313286457236507e-07,-4.848169573231880637e-07,-4.911772104879863472e-07,-4.895408687325225104e-07,-4.776605293658951154e-07,-4.528495042766532782e-07,-4.119094265304268773e-07,-3.510473781002651179e-07,-2.657812305989431413e-07,-1.508317643694185186e-07,0.000000000000000000e+00
0.000000000000000000e+00,-7.442180424290647978e-11,-1.685391980142851857e-10,-2.859747843147644192e-10,-4.308900207719082325e-10,-6.080512749526451273e-10,-8.229021818128917479e-10,-1.081642645994172760e-09,-1.391314803805580175e-09,-1.759896219239548261e-09,-2.196400532631750463e-09,-2.710985706506739015e-09,-3.315069917142743489e-09,-4.021455018219634385e-09,-4.844457349650876451e-09,-5.800045474583216621e-09,-6.905984193860033388e-09,-8.181983902155321564e-09,-9.649854004379448362e-09,-1.133365869422963884e-08,-1.325987289658160512e-08,-1.545753557748324644e-08,-1.795839691321971619e-08,-2.079705496404207682e-08,-2.401107649644532232e-08,-2.764109541463036314e-08,-3.173088086733239906e-08,-3.632736545635551634e-08,-4.148062204860642777e-08,-4.724377543900826995e-08,-5.367283247563805672e-08,-6.082641118154277181e-08,-6.876534582232837253e-08,-7.755214069774915757e-08,-8.725024059157555360e-08,-9.792308019771659624e-08,-1.096328683396203854e-07,-1.224390552877760455e-07,-1.363964228143093594e-07,-1.515527266446834656e-07,-1.679458094961496109e-07,-1.856000897326051484e-07,-2.045223155960840191e-07,-2.246964577538087716e-07,-2.460775932601943279e-07,-2.685846116845932941e-07,-2.920915487819038105e-07,-3.164173243436645645e-07,-3.413136283968980484e-07,-3.664506633293123002e-07,-3.914004084052403301e-07,-4.156170270739718378e-07,-4.384139860280338521e-07,-4.589373977084736959e-07,-4.761350344503824653e-07,-4.887203923091378468e-07,-4.951311054385687773e-07,-4.934809273977883476e-07,-4.815044037198592627e-07,-4.564932603750869946e-07,-4.152234254514420034e-07,-3.538714867016155175e-07,-2.679192660733447588e-07,-1.520450647699473935e-07,0.000000000000000000e+00
0.000000000000000000e+00,-7.482912812766756213e-11,-1.694616040126991327e-10,-2.875397980776326287e-10,-4.332478581384177357e-10,-6.113781190093737846e-10,-8.274038473346675675e-10,-1.087558666043804392e-09,-1.398922974792624043e-09,-1.769517642030056463e-09,-2.208405188280775515e-09,-2.725798605756770302e-09,-3.333177862879027601e-09,-4.043414019460732336e-09,-4.870900724217523977e-09,-5.831692675138630275e-09,-6.943650388323397941e-09,-8.226590334290304021e-09,-9.702439153336753932e-09,-1.139539024260708812e-08,-1.333206050472381437e-08,-1.554164444676705834e-08,-1.805606210236613488e-08,-2.091009639936512656e-08,-2.414151458857945428e-08,-2.779116715972385553e-08,-3.190305626884762468e-08,-3.652436405319501929e-08,-4.170542927478723856e-08,-4.749965846780380833e-08,-5.396335511498308366e-08,-6.115544728522103465e-08,-6.913709056034498597e-08,-7.797111888621557478e-08,-8.772131111382809746e-08,-9.845143535012324155e-08,-1.102240267028755860e-07,-1.230988464520170477e-07,-1.371309619679058753e-07,-1.523683766649777131e-07,-1.688491277477023890e-07,-1.865977562754684579e-07,-2.056210389229188582e-07,-2.259028534985592822e-07,-2.473980305393246239e-07,-2.700250208297578466e-07,-2.936571831837418768e-07,-3.181124679316622688e-07,-3.431412389093584042e-07,-3.684119399576090693e-07,-3.934942706025857400e-07,-4.178394892733598070e-07,-4.407574106867554265e-07,-4.613896064550817166e-07,-4.786782541190719360e-07,-4.913300092687374807e-07,-4.977741978189345558e-07,-4.961145405436739385e-07,-4.840735294182000278e-07,-4.589284750619809156e-07,-4.174381366659155177e-07,-3.557587304715000988e-07,-2.693479906536529176e-07,-1.528558281696607131e-07,0.000000000000000000e+00
0.000000000000000000e+00,-7.504203304907995789e-11,-1.699437191979363765e-10,-2.883577322101816654e-10,-4.344800381236087181e-10,-6.131164865346408983e-10,-8.297557537252549620e-10,-1.090648982820984251e-09,-1.402896438040791128e-09,-1.774541449252764742e-09,-2.214671866833047643e-09,-2.733529172133321954e-09,-3.342625292057636975e-09,-4.054867043078411096e-09,-4.884687975513299266e-09,-5.848187197235223851e-09,-6.963274520427808258e-09,-8.249820987637648704e-09,-9.729813485026366839e-09,-1.142751173070143016e-08,-1.336960542188341041e-08,-1.558536872202608627e-08,-1.810680855111720565e-08,-2.096880228987154948e-08,-2.420921949896388093e-08,-2.786902106191899487e-08,-3.199232775488686126e-08,-3.662644859382013424e-08,-4.182185736991081528e-08,-4.763210351200675575e-08,-5.411364075794156700e-08,-6.132555401556309167e-08,-6.932916118056904109e-08,-7.818746247438608842e-08,-8.796440498296817198e-08,-9.872392441645288727e-08,-1.105287195568754416e-07,-1.234387072889470460e-07,-1.375090973736957941e-07,-1.527880160656756358e-07,-1.693135961117691144e-07,-1.871104374033837806e-07,-2.061853273624548062e-07,-2.265220927805610950e-07,-2.480754350310566145e-07,-2.707635780430330651e-07,-2.944595328444950255e-07,-3.189807535065718592e-07,-3.440769265827621228e-07,-3.694155992462204657e-07,-3.945653098731231988e-07,-4.189758383745110123e-07,-4.419551417059219942e-07,-4.626424822446731655e-07,-4.799771926879830483e-07,-4.926624503818393945e-07,-4.991233561695909611e-07,-4.974585276388488843e-07,-4.853843238192280660e-07,-4.601707178324990571e-07,-4.185677257675771553e-07,-3.567211843941053598e-07,-2.700765477465625725e-07,-1.532692439351537574e-07,0.000000000000000000e+00
0.000000000000000000e+00,-7.506347092135243396e-11,-1.699922290287727667e-10,-2.884399316619210739e-10,-4.346036570809480643e-10,-6.132905075134161408e-10,-8.299905644509683595e-10,-1.090956541294452064e-09,-1.403290450298361730e-09,-1.775037559897186818e-09,-2.215287862256772142e-09,-2.734285196177299152e-09,-3.343544073644242572e-09,-4.055974135125859997e-09,-4.886012004179600927e-09,-5.849760120251746203e-09,-6.965131892964967549e-09,-8.252002233797505385e-09,-9.732362172678512601e-09,-1.143047584696854925e-08,-1.337303764614092249e-08,-1.558932669280442343e-08,-1.811135512278424814e-08,-2.097400577442237599e-08,-2.421515388765239363e-08,-2.787576622082256712e-08,-3.199996958779216965e-08,-3.663507916504256208e-08,-4.183157497879097708e-08,-4.764301270984307302e-08,-5.412585229698075302e-08,-6.133918471834021068e-08,-6.934433371630665239e-08,-7.820430502725434185e-08,-8.798305079468543479e-08,-9.874451118285011546e-08,-1.105513886545131842e-07,-1.234636028034834218e-07,-1.375363648962374006e-07,-1.528178012165314049e-07,-1.693460427425405078e-07,-1.871456854177810771e-07,-2.062235100831446782e-07,-2.265633337731767355e-07,-2.481198442765563012e-07,-2.708112473251144308e-07,-2.945105301888144155e-07,-3.190351164720294866e-07,-3.441346541608181978e-07,-3.694766420706909267e-07,-3.946295583784970616e-07,-4.190431084636241424e-07,-4.420251573956954147e-07,-4.627148546491237762e-07,-4.800513945681098036e-07,-4.927377853392758862e-07,-4.991989213816594142e-07,-4.975331688232462897e-07,-4.854565808729227102e-07,-4.602387593072216511e-07,-4.186292700189371514e-07,-3.567734048679695876e-07,-2.701159594399011001e-07,-1.532915675839680568e-07,0.000000000000000000e+00
0.000000000000000000e+00,-7.489689170806121770e-11,-1.696149468600243827e-10,-2.877996551497428441e-10,-4.336386948537134617e-10,-6.119283808595736214e-10,-8.281464494494339452e-10,-1.088531523983662035e-09,-1.400169577533443082e-09,-1.771087667723172226e-09,-2.210355162922233635e-09,-2.728192604371981926e-09,-3.336088252220367899e-09,-4.046922240520371849e-09,-4.875098112071524440e-09,-5.836681312756624467e-09,-6.949543989996739008e-09,-8.233515153245765344e-09,-9.710534906908227712e-09,-1.140481104702869978e-08,-1.334297581017740328e-08,-1.555423996175702682e-08,-1.807054069479317365e-08,-2.092667895981125090e-08,-2.416044083927994277e-08,-2.781269639045596839e-08,-3.192746797847415542e-08,-3.655195847280691747e-08,-4.173652774522854359e-08,-4.753460364073683978e-08,-5.400251094244716538e-08,-6.119919875770041352e-08,-6.918584314749365637e-08,-7.802529762734446133e-08,-8.778135929673405344e-08,-9.851781270643997230e-08,-1.102972070353872446e-07,-1.231793145936953403e-07,-1.372192099531152442e-07,-1.524648989694539405e-07,-1.689544154245155906e-07,-1.867122897779641080e-07,-2.057452793610944600e-07,-2.260372320206934869e-07,-2.475429354638204827e-07,-2.701807820706127221e-07,-2.938240534139104366e-07,-3.182905998084553899e-07,-3.433306575409979240e-07,-3.686125096156322404e-07,-3.937056544757713728e-07,-4.180611008093292800e-07,-4.409883547707005532e-07,-4.616286083236056202e-07,-4.789235734924732609e-07,-4.915793366977695279e-07,-4.980245296717388169e-07,-4.963620283938361516e-07,-4.843132988232437352e-07,-4.591544078298548848e-07,-4.176426096808887192e-07,-3.559323029755064288e-07,-2.694790305391578355e-07,-1.529300663199917178e-07,0.000000000000000000e+00
0.000000000000000000e+00,-7.454621629200814976e-11,-1.688207524980381697e-10,-2.864519708877011432e-10,-4.316078576412690493e-10,-6.090621526302269600e-10,-8.242667849013931816e-10,-1.083430956213852875e-09,-1.393607187000442924e-09,-1.762784598519648009e-09,-2.199989649098335766e-09,-2.715394468158045303e-09,-3.320432835558510068e-09,-4.027923731459446612e-09,-4.852202228462595147e-09,-5.809257307489778226e-09,-6.916875944961048306e-09,-8.194792533528791669e-09,-9.664842352780763897e-09,-1.135111738933846038e-08,-1.328012230531827147e-08,-1.548092775587393932e-08,-1.798531754389578731e-08,-2.082792525366626279e-08,-2.404635500310372697e-08,-2.768127977043757873e-08,-3.177650935606537350e-08,-3.637901839973572270e-08,-4.153892294772239460e-08,-4.730939180911024248e-08,-5.374647630288044301e-08,-6.090883891887328002e-08,-6.885735782822107713e-08,-7.765458000534102050e-08,-8.736399087638026067e-08,-9.804906278867820711e-08,-1.097720380899103412e-07,-1.225923950872849390e-07,-1.365649364838771384e-07,-1.517374299010823035e-07,-1.681477186147216023e-07,-1.858202074588812792e-07,-2.047616137658954658e-07,-2.249558559700159600e-07,-2.463579328393330005e-07,-2.688866239239092868e-07,-2.924158164011154535e-07,-3.167642347202084430e-07,-3.416833169312812111e-07,-3.668429449403584617e-07,-3.918146947541553015e-07,-4.160522266406991605e-07,-4.388683836013104586e-07,-4.594085091889223876e-07,-4.766194320887901161e-07,-4.892134945931564669e-07,-4.956269247820007327e-07,-4.939717675573112829e-07,-4.819804974427595616e-07,-4.569423361449580597e-07,-4.156301903221253836e-07,-3.542170100671122315e-07,-2.681802467863864493e-07,-1.521929612677035015e-07,0.000000000000000000e+00
0.000000000000000000e+00,-7.401580784365331640e-11,-1.676195273563615089e-10,-2.844136465490859040e-10,-4.285364121771395625e-10,-6.047274819837455608e-10,-8.183998364221709818e-10,-1.075718289587873717e-09,-1.383684911302072112e-09,-1.750231631961861778e-09,-2.184320246297332616e-09,-2.696049958493630318e-09,-3.296772515662841451e-09,-3.999214855196522090e-09,-4.817609039198014624e-09,-5.767829060266591911e-09,-6.867533870714613569e-09,-8.136315704070698645e-09,-9.595852414406230123e-09,-1.127006214508851929e-08,-1.318525814177347938e-08,-1.537030093059241762e-08,-1.785674437507859028e-08,-2.067897128532233701e-08,-2.387431325804338252e-08,-2.748314825118306392e-08,-3.154896801178358143e-08,-3.611840584737116449e-08,-4.124121331972970220e-08,-4.697017220096565232e-08,-5.336092541368742696e-08,-6.047170762108225952e-08,-6.836295257146872374e-08,-7.709675015894000034e-08,-8.673612134994911323e-08,-9.734407354639326833e-08,-1.089823924973000664e-07,-1.217101194076777028e-07,-1.355816532828853814e-07,-1.506444086313206612e-07,-1.669359472500384083e-07,-1.844804897398614636e-07,-2.032846974199533199e-07,-2.233325981954246652e-07,-2.445795104103055717e-07,-2.669447965026463051e-07,-2.903032530541005173e-07,-3.144749152538245644e-07,-3.392130215125041453e-07,-3.641898475809414726e-07,-3.889800786432980693e-07,-4.130413420465084043e-07,-4.356914721632355294e-07,-4.560820219324945125e-07,-4.731674724540951928e-07,-4.856695222258177599e-07,-4.920357608388429087e-07,-4.903919478790297304e-07,-4.784870261949154136e-07,-4.536298994790769352e-07,-4.126168973125314060e-07,-3.516487366863639490e-07,-2.662356680388094508e-07,-1.510893668464466298e-07,0.000000000000000000e+00
0.000000000000000000e+00,-7.331044190470928450e-11,-1.660220867021157002e-10,-2.817030342932217759e-10,-4.244520124733629106e-10,-5.989633966521194563e-10,-8.105984280698179936e-10,-1.065462966826467767e-09,-1.370492088502475005e-09,-1.733541793199315101e-09,-2.163488040875887796e-09,-2.670333253873094157e-09,-3.265320332957862701e-09,-3.961054112929147872e-09,-4.771630032963766134e-09,-5.712769609777923131e-09,-6.801962071737915017e-09,-8.058611231573594533e-09,-9.504186335369126397e-09,-1.116237521560018773e-08,-1.305923758403617615e-08,-1.522335571225805497e-08,-1.768597904703504831e-08,-2.048115847594599059e-08,-2.364586497354238865e-08,-2.722008619473763500e-08,-3.124689321079088957e-08,-3.577246797060030160e-08,-4.084608017734113052e-08,-4.652000005333773979e-08,-5.284933087350471698e-08,-5.989174212142861345e-08,-6.770708059563238837e-08,-7.635683269090976618e-08,-8.590340631463226965e-08,-9.640919537283247634e-08,-1.079353833650865061e-07,-1.205404352360383129e-07,-1.342782181046006046e-07,-1.491956816722379732e-07,-1.653300178237278359e-07,-1.827052059819981147e-07,-2.013278359464843280e-07,-2.211820829929293245e-07,-2.422236906791339171e-07,-2.643727947990995131e-07,-2.875053969457204778e-07,-3.114432678436008035e-07,-3.359420286386915095e-07,-3.606771222980120387e-07,-3.852273467789169103e-07,-4.090555762558027630e-07,-4.314862460154914871e-07,-4.516791202212374514e-07,-4.685987991776121532e-07,-4.809793536036216105e-07,-4.872833973756255425e-07,-4.856548269293627441e-07,-4.738643647892222976e-07,-4.492469464149016343e-07,-4.086298837648605599e-07,-3.482506259140344733e-07,-2.636628172231986554e-07,-1.496292277479015569e-07,0.000000000000000000e+00
0.000000000000000000e+00,-7.243527541461517361e-11,-1.640401095088100276e-10,-2.783399517321575896e-10,-4.193845204499477137e-10,-5.918120397890457160e-10,-8.009195996895002186e-10,-1.052739971289644779e-09,-1.354125182553656881e-09,-1.712837119567365560e-09,-2.137645364625380537e-09,-2.638432410117965199e-09,-3.226306293795376807e-09,-3.913720582142467377e-09,-4.714601479547596943e-09,-5.644481656105458608e-09,-6.720640159730787820e-09,-7.962247501176254049e-09,-9.390514664690492247e-09,-1.102884439212203844e-08,-1.290298260229947364e-08,-1.504116722659805134e-08,-1.747427104961415602e-08,-2.023593432212994732e-08,-2.336268194044746932e-08,-2.689401883671636216e-08,-3.087249587024810440e-08,-3.534373691677403090e-08,-4.035641598294358320e-08,-4.596217098316939890e-08,-5.221543825488012369e-08,-5.917318889874009031e-08,-6.689454454668077305e-08,-7.544024610771778694e-08,-8.487194433432282159e-08,-9.525127559397418006e-08,-1.066386799121792370e-07,-1.190919110515170336e-07,-1.326641799675302034e-07,-1.474018632813067271e-07,-1.633416972568236657e-07,-1.805073649755407228e-07,-1.989053697472928145e-07,-2.185200710490928849e-07,-2.393077401825808612e-07,-2.611894711031846123e-07,-2.840427571917045628e-07,-3.076915167798750049e-07,-3.318943186497178756e-07,-3.563305231244504280e-07,-3.805840143591882252e-07,-4.041241546102110343e-07,-4.262835411897711243e-07,-4.462320910747716293e-07,-4.629469163152364230e-07,-4.751773850861035866e-07,-4.814046880840221958e-07,-4.797951476872733416e-07,-4.681464176517458411e-07,-4.438256240020848450e-07,-4.036983932380872922e-07,-3.440476022504186174e-07,-2.604805659137046561e-07,-1.478232539978411325e-07,0.000000000000000000e+00
0.000000000000000000e+00,-7.139581491658909880e-11,-1.616860664516526635e-10,-2.743455597468850692e-10,-4.133658218201391611e-10,-5.833184101282350782e-10,-7.894242552125626506e-10,-1.037629364621375888e-09,-1.334687188463809759e-09,-1.688247908025458286e-09,-2.106954855345805197e-09,-2.600548200575320168e-09,-3.179975951841965752e-09,-3.857512195224721611e-09,-4.646882355536484355e-09,-5.563395076450003485e-09,-6.624080094631344058e-09,-7.847831209484329808e-09,-9.255553119132930873e-09,-1.087031049422805489e-08,-1.271747718226329940e-08,-1.482488286262373099e-08,-1.722295379068396431e-08,-1.994484345950736397e-08,-2.302654804877739465e-08,-2.650700039789080245e-08,-3.042813490525350138e-08,-3.483491418600132110e-08,-3.977530647794509897e-08,-4.530020062725558438e-08,-5.146324296164784074e-08,-5.832057741283940900e-08,-6.593046681702737924e-08,-7.435276932819883695e-08,-8.364823924030229662e-08,-9.387761613545335181e-08,-1.051004600487492169e-07,-1.173736831444618042e-07,-1.307497200968120472e-07,-1.452742698081005113e-07,-1.609835301066925842e-07,-1.779008344569222150e-07,-1.960325852714304333e-07,-2.153633619110026821e-07,-2.358500626318875821e-07,-2.574149183165327443e-07,-2.799371914971556439e-07,-3.032433466251844524e-07,-3.270954464026014385e-07,-3.511774939012385662e-07,-3.750794007615563527e-07,-3.982782175767078690e-07,-4.201162132143639812e-07,-4.397753348892052878e-07,-4.562475198621691869e-07,-4.683002623177138284e-07,-4.744367649030250736e-07,-4.728499233051280956e-07,-4.613693038762740806e-07,-4.374001785890288254e-07,-3.978535785527203794e-07,-3.390662171868594584e-07,-2.567090174045469671e-07,-1.456828545967229535e-07,0.000000000000000000e+00
0.000000000000000000e+00,-7.019788418657952505e-11,-1.589731465964036985e-10,-2.697422380881215701e-10,-4.064296386404278099e-10,-5.735300974402772016e-10,-7.761768046013566786e-10,-1.020215816055180839e-09,-1.312287026758339180e-09,-1.659911949079072228e-09,-2.071588500589089718e-09,-2.556892935594177268e-09,-3.126588964195986954e-09,-3.792743987517750990e-09,-4.568852233310174776e-09,-5.469964397063979239e-09,-6.512823173675107743e-09,-7.716003796273887798e-09,-9.100058373465448034e-09,-1.068766242395939173e-08,-1.250376153679650659e-08,-1.457571552264348488e-08,-1.693343675130601851e-08,-1.960951857460866239e-08,-2.263934879116888125e-08,-2.606120199614519518e-08,-2.991630334684272234e-08,-3.424885473191942696e-08,-3.910601252082626237e-08,-4.453780394849707012e-08,-5.059696670941571156e-08,-5.733869343922461315e-08,-6.482025938728132455e-08,-7.310050765740075844e-08,-8.223916183390883459e-08,-9.229593052245434787e-08,-1.033293622139279924e-07,-1.153954018058876542e-07,-1.285455919548281770e-07,-1.428248530339280432e-07,-1.582687646664317489e-07,-1.749002594074617029e-07,-1.927256249493585116e-07,-2.117296949987495240e-07,-2.318700904659389342e-07,-2.530703515442677750e-07,-2.752117773403233606e-07,-2.981237626233440001e-07,-3.215723906489573377e-07,-3.452470065122937219e-07,-3.687444567134843026e-07,-3.915506371746413756e-07,-4.130189434220780057e-07,-4.323451626290449981e-07,-4.485382872983671951e-07,-4.603866641666531804e-07,-4.664188190835497096e-07,-4.648582188674265783e-07,-4.535711442493684304e-07,-4.300067538862167950e-07,-3.911283180921811884e-07,-3.333344926376160388e-07,-2.523693881642792669e-07,-1.432200702423426085e-07,0.000000000000000000e+00
0.000000000000000000e+00,-6.884759153250953813e-11,-1.559151833420394751e-10,-2.645534597123189267e-10,-3.986113399577064154e-10,-5.624970153094366981e-10,-7.612448021754976560e-10,-1.000588126976517444e-09,-1.287038931859145630e-09,-1.627973753036449613e-09,-2.031726671874476702e-09,-2.507689270293765240e-09,-3.066417633256741836e-09,-3.719746328174322319e-09,-4.480909149439985207e-09,-5.364666240676077922e-09,-6.387436991461274989e-09,-7.567437842079633775e-09,-8.924823810782933495e-09,-1.048183217340707664e-08,-1.226292626356071212e-08,-1.429493680980582547e-08,-1.660719756896288098e-08,-1.923167123415122114e-08,-2.220306067188746106e-08,-2.555889945077419405e-08,-2.933961433763581242e-08,-3.358855092382932113e-08,-3.835195176856487299e-08,-4.367887436570114439e-08,-4.962103380781211104e-08,-5.623255218163269690e-08,-6.356959341978872011e-08,-7.168985848379057363e-08,-8.065191128167553375e-08,-9.051430053860965820e-08,-1.013344368363828109e-07,-1.131671771009285453e-07,-1.260630608140833271e-07,-1.400661330091435199e-07,-1.552112785144748968e-07,-1.715209797519506081e-07,-1.890013964738917133e-07,-2.076376499089421818e-07,-2.273881756372765906e-07,-2.481779888593058691e-07,-2.698906822668430417e-07,-2.923589501557351152e-07,-3.153534023959101154e-07,-3.385693980394003532e-07,-3.616115903214654850e-07,-3.839758322021082512e-07,-4.050280440032564377e-07,-4.239795917167886754e-07,-4.398586657937310670e-07,-4.514770852982129085e-07,-4.573918808789581867e-07,-4.558609317883062432e-07,-4.447918469542814274e-07,-4.216831877827196098e-07,-3.835570309743447001e-07,-3.268817634116651747e-07,-2.474838885647194717e-07,-1.404475056413817311e-07,0.000000000000000000e+00
0.000000000000000000e+00,-6.735129701259740282e-11,-1.525265801806217939e-10,-2.588036648088435913e-10,-3.899477519939192688e-10,-5.502711332628704553e-10,-7.446985840701150158e-10,-9.788387543572294193e-10,-1.259061839032232102e-09,-1.592583774481754864e-09,-1.987557156715891833e-09,-2.453169009682688195e-09,-2.999745445422822864e-09,-3.638863147258675635e-09,-4.383467468677623641e-09,-5.247996768783406285e-09,-6.248512394093707402e-09,-7.402833458995240948e-09,-8.730675265107094439e-09,-1.025378982358154237e-08,-1.199610649286910545e-08,-1.398387020477759471e-08,-1.624577410878604890e-08,-1.881308270117587629e-08,-2.171974060153488521e-08,-2.500246107135446826e-08,-2.870078711099737618e-08,-3.285711649138138691e-08,-3.751668033979081534e-08,-4.272746286448633683e-08,-4.854004742346397245e-08,-5.500737136528059604e-08,-6.218436883319423646e-08,-7.012747695830007806e-08,-7.889397649369681659e-08,-8.854113287018456885e-08,-9.912509778300455254e-08,-1.106995246341134274e-07,-1.233138433266128881e-07,-1.370111308928026408e-07,-1.518255040735775697e-07,-1.677789480749856097e-07,-1.848774821086786382e-07,-2.031065467570541074e-07,-2.224254804498076639e-07,-2.427609321327998146e-07,-2.639990342661443410e-07,-2.859761342973018170e-07,-3.084678533856318688e-07,-3.311762080558710216e-07,-3.537144932597446138e-07,-3.755895836434971898e-07,-3.961812632613750647e-07,-4.147181421457669394e-07,-4.302496606556336921e-07,-4.416136190069267119e-07,-4.473985995070030546e-07,-4.459005724877328467e-07,-4.350728935537540393e-07,-4.124688094327271706e-07,-3.751754924728908256e-07,-3.197385199002052858e-07,-2.420756037747077080e-07,-1.373782619150142977e-07,0.000000000000000000e+00
0.000000000000000000e+00,-6.571557982012752216e-11,-1.488222368345808364e-10,-2.525181354688476128e-10,-3.804769693003049382e-10,-5.369062102730339479e-10,-7.266109075606637677e-10,-9.550633366560762564e-10,-1.228478774526082691e-09,-1.553897640810926734e-09,-1.939274195756652130e-09,-2.393571920132072526e-09,-2.926865617626888901e-09,-3.550450172440478534e-09,-4.276955759613297837e-09,-5.120469138058228765e-09,-6.096660450308632724e-09,-7.222914701824577293e-09,-8.518466788268446923e-09,-1.000453857214254493e-08,-1.170447606972754673e-08,-1.364388428277403567e-08,-1.585075658226959132e-08,-1.835559480689816578e-08,-2.119151535693872082e-08,-2.439433552266549590e-08,-2.800263305868492561e-08,-3.205777057195315549e-08,-3.660387459680874825e-08,-4.168775724542850563e-08,-4.735876600102889914e-08,-5.366854451167172134e-08,-6.067068408504866543e-08,-6.842024191115614777e-08,-7.697309777307264247e-08,-8.638511605849107886e-08,-9.671107415714057498e-08,-1.080033117099708081e-07,-1.203100475392622637e-07,-1.336733022937580594e-07,-1.481263547320754350e-07,-1.636906479658474464e-07,-1.803720486970643189e-07,-1.981563472975750151e-07,-2.170038692572307805e-07,-2.368430488134680101e-07,-2.575627931897364970e-07,-2.790034405115806710e-07,-3.009460858142969148e-07,-3.231000172619415344e-07,-3.450879684033324354e-07,-3.664288516219353119e-07,-3.865175925094165162e-07,-4.046016343214393764e-07,-4.197536255800834241e-07,-4.308397419098098665e-07,-4.364830250062146440e-07,-4.350210469637540572e-07,-4.244571268296261364e-07,-4.024042381078934399e-07,-3.660206510489189290e-07,-3.119362521392139238e-07,-2.361683756964055924e-07,-1.340258695966619589e-07,0.000000000000000000e+00
0.000000000000000000e+00,-6.394720607779077800e-11,-1.448174763219684866e-10,-2.457228719299450490e-10,-3.702381682885842210e-10,-5.224575316190571893e-10,-7.070565949413836728e-10,-9.293602257167737696e-10,-1.195416253442501169e-09,-1.512075390573925571e-09,-1.887077532178142763e-09,-2.329144556046233970e-09,-2.848079662518112824e-09,-3.454873188393385735e-09,-4.161814697792605641e-09,-4.982610989766939471e-09,-5.932509462082173965e-09,-7.028426026223249445e-09,-8.289076472475758886e-09,-9.735109826861015598e-09,-1.138924181317809683e-08,-1.327638602118522031e-08,-1.542377977181697942e-08,-1.786110094581268784e-08,-2.062057118416338112e-08,-2.373703985533567199e-08,-2.724804198987857868e-08,-3.119382197845568798e-08,-3.561731318085718227e-08,-4.056406166240388672e-08,-4.608208001595785687e-08,-5.222161459168298574e-08,-5.903480638473032205e-08,-6.657522225702489202e-08,-7.489722901813129193e-08,-8.405517807651303315e-08,-9.410236279994559899e-08,-1.050897042836168145e-07,-1.170641137942365580e-07,-1.300664716011528710e-07,-1.441291520678568701e-07,-1.592730135888627515e-07,-1.755037590287848600e-07,-1.928075575438942247e-07,-2.111458018124080631e-07,-2.304488555178935244e-07,-2.506086241484614005e-07,-2.714697574994314841e-07,-2.928192643844700294e-07,-3.143742886359939132e-07,-3.357677601588450637e-07,-3.565315952272208688e-07,-3.760770760100955186e-07,-3.936719900994082860e-07,-4.084140562293453257e-07,-4.192001020633109427e-07,-4.246903935694599024e-07,-4.232674428379167448e-07,-4.129885420177704859e-07,-3.915311852738563628e-07,-3.561304483191487636e-07,-3.035072963772880964e-07,-2.297866867997754082e-07,-1.304042227074542977e-07,0.000000000000000000e+00
0.000000000000000000e+00,-6.205309727758704640e-11,-1.405279734840941325e-10,-2.384444713034078925e-10,-3.592714245051267706e-10,-5.069816510344851533e-10,-6.861121845653633602e-10,-9.018300280907861925e-10,-1.160003689747276908e-09,-1.467280727196802021e-09,-1.831171480336212494e-09,-2.260139110310874719e-09,-2.763695982780439169e-09,-3.352506331616183557e-09,-4.038495011606553457e-09,-4.834961990528386839e-09,-5.756702036529152810e-09,-6.820128819658904028e-09,-8.043402359019251161e-09,-9.446558400552066964e-09,-1.105163789473406633e-08,-1.288281424648551452e-08,-1.496651541764977308e-08,-1.733153725947364481e-08,-2.000914362012605553e-08,-2.303314778905230031e-08,-2.643996868121053825e-08,-3.026865380153926739e-08,-3.456085943064845693e-08,-3.936077659913494358e-08,-4.471498922701238055e-08,-5.067224824721027641e-08,-5.728314255163254592e-08,-6.459964413070643670e-08,-7.267450074975365513e-08,-8.156044483514868426e-08,-9.130918183651647275e-08,-1.019701150826159933e-07,-1.135887569393596052e-07,-1.262047677755662490e-07,-1.398495546968984171e-07,-1.545433510555347215e-07,-1.702916851990823318e-07,-1.870811325846181253e-07,-2.048742290301624418e-07,-2.236034042634588816e-07,-2.431637737925903181e-07,-2.634046031800182821e-07,-2.841192317458469692e-07,-3.050332122335797417e-07,-3.257903887015519538e-07,-3.459365965017346984e-07,-3.649006253121146301e-07,-3.819720384349993349e-07,-3.962753886032693566e-07,-4.067403120094521678e-07,-4.120669178793663090e-07,-4.106858203929921172e-07,-4.007120829202356801e-07,-3.798922612955184581e-07,-3.455436432380737926e-07,-2.944846852372365926e-07,-2.229555466792445834e-07,-1.265275143769877532e-07,0.000000000000000000e+00
0.000000000000000000e+00,-6.004029959232253477e-11,-1.359696854874014312e-10,-2.307100096523018317e-10,-3.476175349563910537e-10,-4.905361399872407532e-10,-6.638555915437458993e-10,-8.725751590668295795e-10,-1.122372822640999380e-09,-1.419680293420105062e-09,-1.771764020282838291e-09,-2.186812296732775266e-09,-2.674028504626300869e-09,-3.243730432849480437e-09,-3.907455485611217523e-09,-4.678071441949182831e-09,-5.569892239962303865e-09,-6.598798029900029964e-09,-7.782358462230979485e-09,-9.139957841661051707e-09,-1.069292037586942394e-08,-1.246463326697751067e-08,-1.448066482111963640e-08,-1.676887407148494094e-08,-1.935950760495705636e-08,-2.228527833131006177e-08,-2.558141981296488883e-08,-2.928570845505833736e-08,-3.343844430838202536e-08,-3.808237942525680359e-08,-4.326258058893665484e-08,-4.902621076298234353e-08,-5.542221072373742757e-08,-6.250085898449239144e-08,-7.031318422356788263e-08,-7.891019991033626270e-08,-8.834192559259879880e-08,-9.865615326361452616e-08,-1.098969102525974795e-07,-1.221025620498997607e-07,-1.353034892435706810e-07,-1.495192621474162918e-07,-1.647552245646439819e-07,-1.809983842597599187e-07,-1.982124918894495872e-07,-2.163321721356047038e-07,-2.352559503350487822e-07,-2.548379947352420154e-07,-2.748783683280653296e-07,-2.951115547111067372e-07,-3.151929892680364775e-07,-3.346832898040576680e-07,-3.530298392683154509e-07,-3.695453269896993512e-07,-3.833828035993130657e-07,-3.935067481823173206e-07,-3.986595838949188105e-07,-3.973230100469298871e-07,-3.876734443030039371e-07,-3.675307881059509666e-07,-3.342996417079681273e-07,-2.849020025057706517e-07,-2.157003821155601377e-07,-1.224101744537084517e-07,0.000000000000000000e+00
0.000000000000000000e+00,-5.791595427202574635e-11,-1.311587847826481666e-10,-2.225469282401202765e-10,-3.353178467202809043e-10,-4.731793458337104712e-10,-6.403657804607999350e-10,-8.416994125038566446e-10,-1.082657163271908598e-09,-1.369442971488339845e-09,-1.709065924453683102e-09,-2.109424272219058960e-09,-2.579395359935194964e-09,-3.128931418568336048e-09,-3.769161035098063088e-09,-4.512495975672130403e-09,-5.372742853787122644e-09,-6.365218914326071443e-09,-7.506870936152263708e-09,-8.816395932715216370e-09,-1.031436194221736134e-08,-1.202332673522598380e-08,-1.396795171532695123e-08,-1.617510763259342296e-08,-1.867396795303148248e-08,-2.149608480981560634e-08,-2.467544138102980314e-08,-2.824847326724657883e-08,-3.225404995008759251e-08,-3.673340566485134287e-08,-4.173000697615601198e-08,-4.728934195933031254e-08,-5.345861310943446129e-08,-6.028631286443909862e-08,-6.782165687115244166e-08,-7.611384576475249371e-08,-8.521112118793155406e-08,-9.515957594517049550e-08,-1.060016714607580204e-07,-1.177744079616570592e-07,-1.305070838994513449e-07,-1.442185709049640760e-07,-1.589140188635148603e-07,-1.745808923192408138e-07,-1.911842241558586334e-07,-2.086609551319047752e-07,-2.269132081244547116e-07,-2.458003235906723885e-07,-2.651294575064685092e-07,-2.846445145834935244e-07,-3.040131575815901835e-07,-3.228115976931806749e-07,-3.405068309403921363e-07,-3.564359409546661885e-07,-3.697820390678439555e-07,-3.795463580152480267e-07,-3.845159554464542275e-07,-3.832264176151180763e-07,-3.739188818980783487e-07,-3.544906190887131110e-07,-3.224383327532121949e-07,-2.747932435196262307e-07,-2.080469313758565217e-07,-1.180668095208708702e-07,0.000000000000000000e+00
0.000000000000000000e+00,-5.568726932326985166e-11,-1.261115949697268580e-10,-2.139829247105250646e-10,-3.224140929892374291e-10,-4.549701604634314752e-10,-6.157224522918589576e-10,-8.093075493410441579e-10,-1.040991465485424275e-09,-1.316739213761564690e-09,-1.643289922347998981e-09,-2.028237605883365615e-09,-2.480117625820274048e-09,-3.008498782197986853e-09,-3.624080864731536658e-09,-4.338797349170184747e-09,-5.165922750472716278e-09,-6.120183931650127493e-09,-7.217874409349132950e-09,-8.476970386491805654e-09,-9.917246869365650252e-09,-1.156039178080959154e-08,-1.343011545019522428e-08,-1.555225223042451048e-08,-1.795485024556687809e-08,-2.066824439086432813e-08,-2.372510666751630794e-08,-2.716046671240716115e-08,-3.101169394841488793e-08,-3.531843110042619235e-08,-4.012246685702964651e-08,-4.546753316382586053e-08,-5.139900996086806293e-08,-5.796351706635033770e-08,-6.520836929584635978e-08,-7.318086671693165343e-08,-8.192738708892824605e-08,-9.149224193207503896e-08,-1.019162512031301555e-07,-1.132349841058331298e-07,-1.254766050013985331e-07,-1.386592535577758170e-07,-1.527878770221916894e-07,-1.678504196377879056e-07,-1.838132595523941705e-07,-2.006157668675167180e-07,-2.181638375115858623e-07,-2.363222361376136835e-07,-2.549055569678418920e-07,-2.736675841456991553e-07,-2.922888024026038397e-07,-3.103617743859607376e-07,-3.273740624996212891e-07,-3.426883302517269526e-07,-3.555192105657481710e-07,-3.649064759827018715e-07,-3.696839878884329226e-07,-3.684438386054552678e-07,-3.594950312236309229e-07,-3.408159673237808707e-07,-3.099999323048089499e-07,-2.641926820392063757e-07,-2.000211434264551262e-07,-1.135121457008180678e-07,0.000000000000000000e+00
0.000000000000000000e+00,-5.336149265160087657e-11,-1.208445299761675152e-10,-2.050458498904550247e-10,-3.089482375878673741e-10,-4.359678009055104979e-10,-5.900057475142722172e-10,-7.755049073995886002e-10,-9.975112239720465013e-10,-1.261740407999013283e-09,-1.574649908501539106e-09,-1.943516301616815067e-09,-2.376518129611630557e-09,-2.882824134735785787e-09,-3.472686722908400326e-09,-4.157540356226329717e-09,-4.950104406180762042e-09,-5.864489795679775681e-09,-6.916308510996572576e-09,-8.122784767026810850e-09,-9.502866251946129673e-09,-1.107733345029398837e-08,-1.286890453481999116e-08,-1.490233271338163350e-08,-1.720449220188337888e-08,-1.980444814932524522e-08,-2.273350484528281605e-08,-2.602522536913118009e-08,-2.971541446593557063e-08,-3.384205482386027341e-08,-3.844518504515997242e-08,-4.356670540492851184e-08,-4.925009493038300541e-08,-5.554002035339404322e-08,-6.248181402751469088e-08,-7.012079388678719445e-08,-7.850139387664908914e-08,-8.766606791656364899e-08,-9.765392425749144921e-08,-1.084990399605673180e-07,-1.202283970185180399e-07,-1.328593722261538644e-07,-1.463967021229507911e-07,-1.608288320051885166e-07,-1.761235439460555516e-07,-1.922227427605721160e-07,-2.090362606810548395e-07,-2.264345209230871173e-07,-2.442398770590893881e-07,-2.622164188977556140e-07,-2.800580060996986374e-07,-2.973742577379788374e-07,-3.136741891248216116e-07,-3.283471461589809065e-07,-3.406406418937107699e-07,-3.496346496899474225e-07,-3.542118519369136625e-07,-3.530232826686995450e-07,-3.444487363167894865e-07,-3.265512432343180908e-07,-2.970248355381557241e-07,-2.531347444132355527e-07,-1.916490826665863726e-07,-1.087609745926919706e-07,0.000000000000000000e+00
0.000000000000000000e+00,-5.094588682725649914e-11,-1.153740369120487633e-10,-1.957636108319248110e-10,-2.949623288919889548e-10,-4.162316032042468114e-10,-5.632959671801205567e-10,-7.403970347999734312e-10,-9.523522028008298345e-10,-1.204618281090779202e-09,-1.503360198461576956e-09,-1.855524879931517969e-09,-2.268920326351917687e-09,-2.752299843378703387e-09,-3.315451262187610642e-09,-3.969290864475970822e-09,-4.725961564772218786e-09,-5.598934708534007562e-09,-6.603114608748453835e-09,-7.754944659528722303e-09,-9.072513524132120881e-09,-1.057565948715318085e-08,-1.228607057505743004e-08,-1.422737747260824010e-08,-1.642523557992833555e-08,-1.890739174839100811e-08,-2.170373028301565472e-08,-2.484629168121710886e-08,-2.836925626578712638e-08,-3.230888333303305329e-08,-3.670339463970894218e-08,-4.159278895428189581e-08,-4.701857195297167355e-08,-5.302338289622087220e-08,-5.965049621691807770e-08,-6.694317231990348057e-08,-7.494382745621238914e-08,-8.369298740851108601e-08,-9.322798380880070959e-08,-1.035813450964493524e-07,-1.147788262919243225e-07,-1.268370127733615453e-07,-1.397604229487307116e-07,-1.535380229495867551e-07,-1.681390530506082082e-07,-1.835080502427665254e-07,-1.995589340402412309e-07,-2.161680029480874862e-07,-2.331656668085770337e-07,-2.503267152127685757e-07,-2.673588940303606698e-07,-2.838895305842750407e-07,-2.994499127788735259e-07,-3.134570882825326312e-07,-3.251927063722574125e-07,-3.337784769899875901e-07,-3.381477686831385806e-07,-3.370128091914188022e-07,-3.288268893418045333e-07,-3.117409025464940114e-07,-2.835534785934346030e-07,-2.416538917409604699e-07,-1.829568397178291753e-07,-1.038281026470178109e-07,0.000000000000000000e+00
0.000000000000000000e+00,-4.844770561236163754e-11,-1.097165429142098528e-10,-1.861640806233282414e-10,-2.804983639486300417e-10,-3.958208306917921463e-10,-5.356733134762175622e-10,-7.040893489987266080e-10,-9.056499969144087656e-10,-1.145544344493442426e-09,-1.429634836824013368e-09,-1.764527524083010261e-09,-2.157647254919916264e-09,-2.617317765566922797e-09,-3.152846514707019876e-09,-3.774613990673427017e-09,-4.494167065869021534e-09,-5.324315788314589864e-09,-6.279232776055508614e-09,-7.374554109909474846e-09,-8.627480295737496286e-09,-1.005687547979435695e-08,-1.168336263900516833e-08,-1.352941191975674458e-08,-1.561941864956151921e-08,-1.797976677906878816e-08,-2.063887260812284692e-08,-2.362720258671296024e-08,-2.697725773420460825e-08,-3.072351575886469744e-08,-3.490232025077375877e-08,-3.955170432628100286e-08,-4.471113377725923872e-08,-5.042115207347621791e-08,-5.672290642448348176e-08,-6.365753046395061283e-08,-7.126535490129985695e-08,-7.958491261041639052e-08,-8.865169900045539801e-08,-9.849664203544214502e-08,-1.091442288213951469e-07,-1.206102271329034355e-07,-1.328989304622148301e-07,-1.459998439848586776e-07,-1.598837160729416927e-07,-1.744978054607372050e-07,-1.897602576708574850e-07,-2.055534456205942934e-07,-2.217161082085906177e-07,-2.380340968786196297e-07,-2.542295134036717103e-07,-2.699479921531070025e-07,-2.847438466149664825e-07,-2.980627626596694947e-07,-3.092216796702843437e-07,-3.173854549620150083e-07,-3.215398566276120928e-07,-3.204603748723706994e-07,-3.126762818933486827e-07,-2.964293053390018902e-07,-2.696262103846559016e-07,-2.297845106333747479e-07,-1.739704487244961576e-07,-9.872830423546351263e-08,0.000000000000000000e+00
0.000000000000000000e+00,-4.587417236411407167e-11,-1.038884062390581052e-10,-1.762750154100651297e-10,-2.655981634594248996e-10,-3.747944975921635662e-10,-5.072176510351322753e-10,-6.666868231045427388e-10,-8.575396287189343466e-10,-1.084689384065674016e-09,-1.353686960693797748e-09,-1.670787294615683433e-09,-2.043020577843317985e-09,-2.478268084575028116e-09,-2.985342489962882006e-09,-3.574072422499894360e-09,-4.255390847452624085e-09,-5.041426703629200152e-09,-5.945599003526835414e-09,-6.982712351042273728e-09,-8.169052523895223375e-09,-9.522480400927979296e-09,-1.106252207732098506e-08,-1.281045249170220274e-08,-1.478936927447044472e-08,-1.702425280060933296e-08,-1.954200757462255177e-08,-2.237147906896527311e-08,-2.554343895631950697e-08,-2.909053029249911931e-08,-3.304716258884321316e-08,-3.744934482423324611e-08,-4.233444224574488032e-08,-4.774084024599833181e-08,-5.370749563060057226e-08,-6.027335213952075857e-08,-6.747659309265306482e-08,-7.535369941416502572e-08,-8.393827596476413307e-08,-9.325960297735414251e-08,-1.033408623398040762e-07,-1.141969803763609123e-07,-1.258320195109949668e-07,-1.382360406019463535e-07,-1.513813456524944186e-07,-1.652179968487743175e-07,-1.796684922560676975e-07,-1.946214608096570433e-07,-2.099242192393293127e-07,-2.253740110281288298e-07,-2.407077221738900254e-07,-2.555898401343595190e-07,-2.695983906250767134e-07,-2.822085516336095712e-07,-2.927736048492197129e-07,-3.005028414311447000e-07,-3.044359914224897713e-07,-3.034136939670625363e-07,-2.960434686624634387e-07,-2.806605868145961726e-07,-2.552831750721326606e-07,-2.175608130630409913e-07,-1.647158115354976505e-07,-9.347627862600073066e-08,0.000000000000000000e+00
0.000000000000000000e+00,-4.323246040343465502e-11,-9.790587180655425863e-11,-1.661239789681383924e-10,-2.503032581449410276e-10,-3.532112086865062324e-10,-4.780082899842473992e-10,-6.282937007700101789e-10,-8.081551814345711296e-10,-1.022222996408304374e-09,-1.275728221191819435e-09,-1.574565415564352471e-09,-1.925359708748238548e-09,-2.335538251431689004e-09,-2.813405900701140665e-09,-3.368224893782973472e-09,-4.010298131162932644e-09,-4.751055524617884486e-09,-5.603142665692510160e-09,-6.580510829055067158e-09,-7.698507035848710726e-09,-8.973962556344986789e-09,-1.042527781930808783e-08,-1.207250120637166617e-08,-1.393739863054426020e-08,-1.604351011381804446e-08,-1.841618877258850660e-08,-2.108261667140917661e-08,-2.407179089273268886e-08,-2.741447186656828096e-08,-3.114308447941881841e-08,-3.529156070211736389e-08,-3.989511040205647326e-08,-4.498990459210704976e-08,-5.061265256545564366e-08,-5.680005111502497529e-08,-6.358808027290267237e-08,-7.101111565575360467e-08,-7.910082248384208490e-08,-8.788479056132397128e-08,-9.738486286030918007e-08,-1.076151027255490208e-07,-1.185793359826425418e-07,-1.302681942492970971e-07,-1.426555743614045735e-07,-1.556944158641527150e-07,-1.693116837990276354e-07,-1.834024273417882007e-07,-1.978227660015309414e-07,-2.123816338508047264e-07,-2.268310883837425093e-07,-2.408549638463727313e-07,-2.540556189977432689e-07,-2.659384959877851047e-07,-2.758941701281012958e-07,-2.831775295471740808e-07,-2.868836788459962184e-07,-2.859201117217674029e-07,-2.789746439731365890e-07,-2.644785402747549832e-07,-2.405642056356145677e-07,-2.050167456748995108e-07,-1.552186290494807921e-07,-8.808661102334498736e-08,0.000000000000000000e+00
0.000000000000000000e+00,-4.052967541251823594e-11,-9.178503133900124102e-11,-1.557382750742908383e-10,-2.346547868567031237e-10,-3.311290155567193627e-10,-4.481237914320331481e-10,-5.890132405768533992e-10,-7.576294703856807312e-10,-9.583131731980709440e-10,-1.195968264863640084e-09,-1.476120634597765955e-09,-1.804981030234954391e-09,-2.189512036544092970e-09,-2.637499020978196309e-09,-3.157624817973440655e-09,-3.759547796051919908e-09,-4.453982797280777762e-09,-5.252784251161063631e-09,-6.169030539018504370e-09,-7.217108413769126898e-09,-8.412795955780107435e-09,-9.773342159445800350e-09,-1.131754078662631925e-08,-1.306579558018708412e-08,-1.504017328958687969e-08,-1.726444020469505033e-08,-1.976407700522227465e-08,-2.256626568997768650e-08,-2.569984112809543350e-08,-2.919519834528555084e-08,-3.308414498987637824e-08,-3.739968647917222584e-08,-4.217572906456113206e-08,-4.744668342624945470e-08,-5.324694836145101809e-08,-5.961025060221440177e-08,-6.656881272189963012e-08,-7.415231638509025092e-08,-8.238662277752997683e-08,-9.129220582340380876e-08,-1.008822466488474559e-07,-1.111603295631333906e-07,-1.221176704702724568e-07,-1.337297979484577297e-07,-1.459525950840782605e-07,-1.587175963484037847e-07,-1.719264181722695158e-07,-1.854441842077161776e-07,-1.990917863536198822e-07,-2.126368002421206780e-07,-2.257828488025076103e-07,-2.381571795020470626e-07,-2.492961896704372534e-07,-2.586285997118574810e-07,-2.654559357728553809e-07,-2.689299413631921216e-07,-2.680264913494224535e-07,-2.615155315328198452e-07,-2.479265126224642078e-07,-2.255087288433502371e-07,-1.921859088094645032e-07,-1.455043399134572339e-07,-8.257373778257605043e-08,0.000000000000000000e+00
0.000000000000000000e+00,-3.777283989803992160e-11,-8.554178817783211629e-11,-1.451448878137610153e-10,-2.186934066492621906e-10,-3.086052897067339605e-10,-4.176417957958857856e-10,-5.489474904451971234e-10,-7.060937529115727153e-10,-8.931259343741971103e-10,-1.114614276059424658e-09,-1.375708658419952707e-09,-1.682197203783610333e-09,-2.040568692965789780e-09,-2.458078678717526117e-09,-2.942819082653283572e-09,-3.503790944080339692e-09,-4.150979844985413190e-09,-4.895433360723546457e-09,-5.749339675347359837e-09,-6.726106247788997604e-09,-7.840437113037100755e-09,-9.108407042653606604e-09,-1.054753036173709689e-08,-1.217682171351783837e-08,-1.401684546516911460e-08,-1.608974974414134702e-08,-1.841928026608051207e-08,-2.103076814328802116e-08,-2.395108472386149986e-08,-2.720855517991964748e-08,-3.083282100866903949e-08,-3.485463979826047665e-08,-3.930560850237193444e-08,-4.421779401885490027e-08,-4.962325202825428080e-08,-5.555341176060105999e-08,-6.203830055934952823e-08,-6.910557772742364748e-08,-7.677934209105543169e-08,-8.507867191193352625e-08,-9.401584911639628424e-08,-1.035942121803111948e-07,-1.138055732866035434e-07,-1.246271254236740731e-07,-1.360177537692003849e-07,-1.479136528442111812e-07,-1.602231363533293997e-07,-1.728205101627375074e-07,-1.855388603102540863e-07,-1.981615870842080007e-07,-2.104124928337488267e-07,-2.219442050617621960e-07,-2.323246872803220999e-07,-2.410215578591445724e-07,-2.473839014619238046e-07,-2.506212184549724993e-07,-2.497791147280737007e-07,-2.437112875726114908e-07,-2.310473125592928750e-07,-2.101556817678925681e-07,-1.791014853667230163e-07,-1.355980666719509679e-07,-7.695191585096571709e-08,0.000000000000000000e+00
0.000000000000000000e+00,-3.496887972984262729e-11,-7.919182680061906189e-11,-1.343704298632547919e-10,-2.024592148687698222e-10,-2.856966126407355907e-10,-3.866388740782913314e-10,-5.081970922062592582e-10,-6.536774770758260658e-10,-8.268250104010318736e-10,-1.031870580560978975e-09,-1.273581663766367375e-09,-1.557316572097225844e-09,-1.889082231795787254e-09,-2.275595383341827848e-09,-2.724347005758548406e-09,-3.243669658158637188e-09,-3.842807298086356382e-09,-4.531986974484419202e-09,-5.322491598159374228e-09,-6.226732758677019689e-09,-7.258322277001033567e-09,-8.432140850134028139e-09,-9.764401748538775986e-09,-1.127270705880220213e-08,-1.297609341082423058e-08,-1.489506347688625503e-08,-1.705159876327278434e-08,-1.946914831527142150e-08,-2.217258690220443146e-08,-2.518813501639118633e-08,-2.854323158084104177e-08,-3.226634858332110185e-08,-3.638673490309308975e-08,-4.093407432998035066e-08,-4.593804014690227101e-08,-5.142772560388304475e-08,-5.743092609432425505e-08,-6.397324478614604669e-08,-7.107698878624847787e-08,-7.875981754284758339e-08,-8.703309902332952174e-08,-9.589992214194412701e-08,-1.053527058377904603e-07,-1.153703359937370463e-07,-1.259147509041425747e-07,-1.369268840946263075e-07,-1.483218598099812522e-07,-1.599833212445074525e-07,-1.717567544096736011e-07,-1.834416512248515004e-07,-1.947823337780142083e-07,-2.054572375301432814e-07,-2.150664243236848572e-07,-2.231170661995436510e-07,-2.290066080362280372e-07,-2.320032807241309543e-07,-2.312235968300884998e-07,-2.256064173846512595e-07,-2.138831314835136526e-07,-1.945434398545037527e-07,-1.657961795155299525e-07,-1.255245693701884231e-07,-7.123519643997384591e-08,0.000000000000000000e+00
0.000000000000000000e+00,-3.212461273813559655e-11,-7.275058699984177948e-11,-1.234410986838046114e-10,-1.859916831594438366e-10,-2.624586827588835076e-10,-3.551904019020536498e-10,-4.668611160889132582e-10,-6.005080688519789949e-10,-7.595715731975345469e-10,-9.479383099428964705e-10,-1.169987883358474547e-09,-1.430642653099606178e-09,-1.735420808754260083e-09,-2.090492587323544677e-09,-2.502739452122766944e-09,-2.979815951060431592e-09,-3.530213849662552848e-09,-4.163327985649033571e-09,-4.889523112786380522e-09,-5.720200786846438186e-09,-6.667865089649887429e-09,-7.746185681238474970e-09,-8.970056306941292727e-09,-1.035564645591906708e-08,-1.192044335963465078e-08,-1.368328091985539465e-08,-1.566435145154054204e-08,-1.788519529938959238e-08,-2.036866241849070297e-08,-2.313883887712821737e-08,-2.622092991788027937e-08,-2.964108967253245959e-08,-3.342618583385177828e-08,-3.760348550516265609e-08,-4.220024603412728139e-08,-4.724319184172733099e-08,-5.275785502653523120e-08,-5.876775379650233443e-08,-6.529337848678797774e-08,-7.235094998563532815e-08,-7.995090972528704868e-08,-8.809609390643719762e-08,-9.677953720787593909e-08,-1.059818427726030487e-07,-1.156680456318819249e-07,-1.257838857926929941e-07,-1.362513948242090821e-07,-1.469636857770928417e-07,-1.577788204876099563e-07,-1.685126105801008467e-07,-1.789301886026501200e-07,-1.887361635237955784e-07,-1.975631500936480637e-07,-2.049584341450162632e-07,-2.103685056021616782e-07,-2.131211576160231406e-07,-2.124048137197167072e-07,-2.072447050978127335e-07,-1.964754769382747774e-07,-1.787097564045515699e-07,-1.523021651310573043e-07,-1.153082065223194478e-07,-6.543740287686966430e-08,0.000000000000000000e+00
0.000000000000000000e+00,-2.924673932597359143e-11,-6.623324262548909690e-11,-1.123826404572739627e-10,-1.693296031373027618e-10,-2.389462387165776199e-10,-3.233704558251533493e-10,-4.250369244892632394e-10,-5.467107569731427985e-10,-6.915240147044859049e-10,-8.630151253814112028e-10,-1.065171265226349190e-09,-1.302473723639812221e-09,-1.579946219566769348e-09,-1.903206078795053858e-09,-2.278518106910473550e-09,-2.712850901114435285e-09,-3.213935232509694328e-09,-3.790323995217882174e-09,-4.451453055665963969e-09,-5.207702139751604835e-09,-6.070454661776410833e-09,-7.052155120532800630e-09,-8.166362357225444818e-09,-9.427796578299758498e-09,-1.085237758367733738e-08,-1.245725109575179984e-08,-1.426079944339401242e-08,-1.628263210275316261e-08,-1.854355071512801294e-08,-2.106548217133440847e-08,-2.387137214859018429e-08,-2.698503008346121627e-08,-3.043091493263491949e-08,-3.423384917785057706e-08,-3.841864633323800251e-08,-4.300963466850812931e-08,-4.803005692015810091e-08,-5.350132236915693037e-08,-5.944208375474371196e-08,-6.586710699992552180e-08,-7.278589656699585507e-08,-8.020103335442963937e-08,-8.810617529437680592e-08,-9.648366310778989308e-08,-1.053016649073758632e-07,-1.145107833825199524e-07,-1.240400380206799618e-07,-1.337921220725166384e-07,-1.436378196002096482e-07,-1.534094517992077885e-07,-1.628932036858548297e-07,-1.718201620257410845e-07,-1.798558728679716859e-07,-1.865882020796408645e-07,-1.915132546815306476e-07,-1.940190784242310288e-07,-1.933668437900761754e-07,-1.886691563704045071e-07,-1.788651183049216024e-07,-1.626917131963523517e-07,-1.386510437236109418e-07,-1.049729032653991015e-07,-5.957211253421038701e-08,0.000000000000000000e+00
0.000000000000000000e+00,-2.634183502843478179e-11,-5.965468473616090033e-11,-1.012203215028968724e-10,-1.525110433338502888e-10,-2.152129986863964477e-10,-2.912517311758096911e-10,-3.828200640244811994e-10,-4.924084341600037913e-10,-6.228377714622022930e-10,-7.772949988785927454e-10,-9.593712028885547520e-10,-1.173102489830052372e-09,-1.423013500425169501e-09,-1.714163500718084674e-09,-2.052194900546620009e-09,-2.443383968244111038e-09,-2.894693409758967170e-09,-3.413826358578200093e-09,-4.009281176017671618e-09,-4.690406285258213561e-09,-5.467454051926287984e-09,-6.351632473196519079e-09,-7.355153139559717928e-09,-8.491273580716438919e-09,-9.774331690462319905e-09,-1.121976943447113058e-08,-1.284414246750088255e-08,-1.466511160887757544e-08,-1.670141133121686215e-08,-1.897278948895435747e-08,-2.149991142945937130e-08,-2.430422036641924106e-08,-2.740774442558313883e-08,-3.083283906589230151e-08,-3.460185159939670749e-08,-3.873669224144969876e-08,-4.325829347368468667e-08,-4.818593644582348162e-08,-5.353641962195273670e-08,-5.932304082941861991e-08,-6.555435922366710764e-08,-7.223269836230931570e-08,-7.935234550042546603e-08,-8.689739528217326762e-08,-9.483917810790114842e-08,-1.031332044890195431e-07,-1.117155465437824732e-07,-1.204985663061888445e-07,-1.293658875796339190e-07,-1.381664935218488026e-07,-1.467078158474854843e-07,-1.547476633251860323e-07,-1.619848169719853668e-07,-1.680480968569914619e-07,-1.724836805733731474e-07,-1.747404260910166004e-07,-1.741529217506482368e-07,-1.699219535225296416e-07,-1.610920442886914054e-07,-1.465256818314324058e-07,-1.248738115075565809e-07,-9.454212643311763933e-08,-5.365264268619855203e-08,0.000000000000000000e+00
0.000000000000000000e+00,-2.341634492585831376e-11,-5.302950894885863221e-11,-8.997890681779169664e-11,-1.355733168731366266e-10,-1.913116147653391400e-10,-2.589054803825141799e-10,-3.403041845228856179e-10,-4.377215529926783917e-10,-5.536651930037975054e-10,-6.909680491612594786e-10,-8.528223330049595982e-10,-1.042815839876394402e-09,-1.264970628499493687e-09,-1.523783990554381074e-09,-1.824271577884097796e-09,-2.172012481707490740e-09,-2.573195968869362600e-09,-3.034669471891555827e-09,-3.563987299079343617e-09,-4.169459374331237296e-09,-4.860199129119526084e-09,-5.646169446159332571e-09,-6.538225289546390262e-09,-7.548151342651820698e-09,-8.688692604761530066e-09,-9.973575461045327832e-09,-1.141751622722005197e-08,-1.303621356790503191e-08,-1.484632048199183534e-08,-1.686539072312366489e-08,-1.911179356001241470e-08,-2.160458965858439730e-08,-2.436335956163921454e-08,-2.740797472432178332e-08,-3.075829930403381010e-08,-3.443380886615256620e-08,-3.845310981225041141e-08,-4.283334062063433456e-08,-4.758943285972471249e-08,-5.273320633696932641e-08,-5.827226861717394724e-08,-6.420868441509134920e-08,-7.053737496139557546e-08,-7.724420127480848543e-08,-8.430367825436294351e-08,-9.167625853487114653e-08,-9.930511601798727280e-08,-1.071123487855205725e-07,-1.149945095983607738e-07,-1.228173592547485594e-07,-1.304097235917570317e-07,-1.375563187266677719e-07,-1.439893911124519042e-07,-1.493789989883214539e-07,-1.533217397132626296e-07,-1.553277031604976368e-07,-1.548054047250937916e-07,-1.510444224832451686e-07,-1.431954316041925266e-07,-1.302472952670727437e-07,-1.110008351507853372e-07,-8.403886620129611528e-08,-4.769204009441525606e-08,0.000000000000000000e+00
0.000000000000000000e+00,-2.047657979607707642e-11,-4.637200672687462205e-11,-7.868264529926552045e-11,-1.185529592158699214e-10,-1.672936415869894378e-10,-2.264014705261731001e-10,-2.975809832769071630e-10,-3.827680542735311427e-10,-4.841554513401950385e-10,-6.042204288544097150e-10,-7.457543963045244887e-10,-9.118946742673308551e-10,-1.106158316269662967e-09,-1.332477932928715693e-09,-1.595239402616127617e-09,-1.899321288825013277e-09,-2.250135706297080870e-09,-2.653670283296818912e-09,-3.116530753301401097e-09,-3.645983572437686622e-09,-4.249997795326186480e-09,-4.937285247044375883e-09,-5.717337797435076856e-09,-6.600460269867891333e-09,-7.597797192771130800e-09,-8.721351220660703828e-09,-9.983990602632173658e-09,-1.139944254957188406e-08,-1.298226873429857890e-08,-1.474781843726487781e-08,-1.671215400807530158e-08,-1.889194233134811151e-08,-2.130430484320338326e-08,-2.396661731784198562e-08,-2.689624910500086574e-08,-3.011022971766011919e-08,-3.362482861041222525e-08,-3.745503161321504114e-08,-4.161389474892534015e-08,-4.611175301698377185e-08,-5.095525811528059337e-08,-5.614621493701827395e-08,-6.168018195246124748e-08,-6.754479519338381363e-08,-7.371776942054550017e-08,-8.016452308443348197e-08,-8.683536579270554796e-08,-9.366217807340532347e-08,-1.005545031639913356e-07,-1.073949592498886161e-07,-1.140338679055539585e-07,-1.202829803360479069e-07,-1.259081672571843112e-07,-1.306209207689669396e-07,-1.340684972574126603e-07,-1.358225091015364900e-07,-1.353657496788241802e-07,-1.320770107907411049e-07,-1.252136241383486025e-07,-1.138914288780190946e-07,-9.706183564464453221e-08,-7.348562388107108137e-08,-4.170307408225679560e-08,0.000000000000000000e+00
0.000000000000000000e+00,-1.752871387012985596e-11,-3.969616029887891110e-11,-6.735526112813861178e-11,-1.014857151858822612e-10,-1.432095180311976680e-10,-1.938079586155767206e-10,-2.547401725887320618e-10,-3.276633253464711227e-10,-4.144544883306218228e-10,-5.172342589271705631e-10,-6.383921568478346234e-10,-7.806138072783558276e-10,-9.469098923466846350e-10,-1.140646816452343209e-09,-1.365578986357633218e-09,-1.625882552100624504e-09,-1.926190387917315787e-09,-2.271628011322869390e-09,-2.667850040817066486e-09,-3.121076675461744952e-09,-3.638129539476442800e-09,-4.226466068125388965e-09,-4.894211413018516133e-09,-5.650186610307654011e-09,-6.503931478097357075e-09,-7.465720382752497441e-09,-8.546568629650029483e-09,-9.758226783063882206e-09,-1.111315969168671368e-08,-1.262450637862402876e-08,-1.430601623363040197e-08,-1.617195610500216140e-08,-1.823698191078378057e-08,-2.051596725319175269e-08,-2.302378020305093424e-08,-2.577499789614878125e-08,-2.878354682093198671e-08,-3.206225464336798558e-08,-3.562229707247884740e-08,-3.947252057702878563e-08,-4.361861867335020363e-08,-4.806213596449548327e-08,-5.279927006457716511e-08,-5.781943692643973484e-08,-6.310355983699678028e-08,-6.862203637801162919e-08,-7.433233089023167997e-08,-8.017613233928985179e-08,-8.607600887095212391e-08,-9.193148066470571583e-08,-9.761442184810114347e-08,-1.029636901170626087e-07,-1.077788692162478189e-07,-1.118129944670542465e-07,-1.147641149923958425e-07,-1.162655280892536603e-07,-1.158745012681805044e-07,-1.130592757593641092e-07,-1.071841217505944918e-07,-9.749219028307009758e-08,-8.308587964293427533e-08,-6.290440536657484792e-08,-3.569823281817874437e-08,0.000000000000000000e+00
0.000000000000000000e+00,-1.457878403774318394e-11,-3.301564086110289170e-11,-5.601995072244072321e-11,-8.440653438898431818e-11,-1.191085607754011858e-10,-1.611916828865117345e-10,-2.118694683744939159e-10,-2.725201854988902080e-10,-3.447049973033533598e-10,-4.301876058743203141e-10,-5.309553740243110704e-10,-6.492419329444071262e-10,-7.875512604756931275e-10,-9.486831846986981152e-10,-1.135760230412874594e-09,-1.352255680468068246e-09,-1.602022668293453727e-09,-1.889324050572404326e-09,-2.218862727769909787e-09,-2.595811982732564357e-09,-3.025845291062807722e-09,-3.515164918185630286e-09,-4.070528453230212181e-09,-4.699272234704706215e-09,-5.409330392435736146e-09,-6.209247958589494772e-09,-7.108186181118529320e-09,-8.115917798012339533e-09,-9.242809591453896783e-09,-1.049978902728669023e-08,-1.189829118550631195e-08,-1.345018148858879657e-08,-1.516764892129187660e-08,-1.706306349098558823e-08,-1.914879058215878393e-08,-2.143695359052869637e-08,-2.393913475635929103e-08,-2.666600242528255320e-08,-2.962685101685087678e-08,-3.282903774129603532e-08,-3.627729753464422498e-08,-3.997291473832149862e-08,-4.391272668409365574e-08,-4.808793050632062558e-08,-5.248266013393929336e-08,-5.707229545222078688e-08,-6.182146000217698970e-08,-6.668165723170992682e-08,-7.158848815094965112e-08,-7.645838519449345784e-08,-8.118478807209066374e-08,-8.563367731133021950e-08,-8.963836997517104616e-08,-9.299346958932891525e-08,-9.544784855924479483e-08,-9.669652622065552055e-08,-9.637128909011351847e-08,-9.402988181714534409e-08,-8.914357776573326404e-08,-8.108291707733211180e-08,-6.910137753771604522e-08,-5.231671968271192143e-08,-2.968972249312372935e-08,0.000000000000000000e+00
0.000000000000000000e+00,-1.163269033320665997e-11,-2.634380967904530661e-11,-4.469938461063525334e-11,-6.734957404357308783e-11,-9.503896830377550225e-11,-1.286178682518201977e-10,-1.690545973655517515e-10,-2.174488952801956432e-10,-2.750464349220734210e-10,-3.432544966356501354e-10,-4.236588211157956425e-10,-5.180416479578027479e-10,-6.284009275718421533e-10,-7.569706703106545131e-10,-9.062423670355944535e-10,-1.078987378953940289e-09,-1.278280150184196063e-09,-1.507522042730492772e-09,-1.770465528724905770e-09,-2.071238397012893521e-09,-2.414367538188275945e-09,-2.804801761450224688e-09,-3.247932965166320633e-09,-3.749614827322230706e-09,-4.316177998120047661e-09,-4.954440560237380692e-09,-5.671712267355372919e-09,-6.475790772382885192e-09,-7.374947706310052741e-09,-8.377902058750614683e-09,-9.493777832744307669e-09,-1.073204238874300164e-08,-1.210242124387667728e-08,-1.361478433892128193e-08,-1.527899791136827902e-08,-1.710473510108884421e-08,-1.910123724551021961e-08,-2.127701647172713161e-08,-2.363948863860938072e-08,-2.619452389486549414e-08,-2.894590006815198752e-08,-3.189464175127739799e-08,-3.503822526636550602e-08,-3.836962662478736924e-08,-4.187618611415687722e-08,-4.553825918416427943e-08,-4.932761881702482719e-08,-5.320556949855919715e-08,-5.712072719153544572e-08,-6.100641328989591424e-08,-6.477760333434022483e-08,-6.832736322831658634e-08,-7.152269674023123162e-08,-7.419971814528383108e-08,-7.615805288465987408e-08,-7.715435704264369029e-08,-7.689483321442766549e-08,-7.502660592307683613e-08,-7.112780412539290837e-08,-6.469618152960293699e-08,-5.513608747038024842e-08,-4.174358202618033806e-08,-2.368946904774569066e-08,0.000000000000000000e+00
0.000000000000000000e+00,-8.696197519336256610e-12,-1.969372167584941026e-11,-3.341571352387625495e-11,-5.034820816756338431e-11,-7.104783388492170874e-11,-9.615024388696808034e-11,-1.263793202579053789e-10,-1.625571863298383691e-10,-2.056150589885247374e-10,-2.566049658755563203e-10,-3.167123437896588207e-10,-3.872695233768424070e-10,-4.697700909462767431e-10,-5.658841003837812793e-10,-6.774740859895563093e-10,-8.066117998617612907e-10,-9.555955642742181661e-10,-1.126968089296678784e-09,-1.323534557448501145e-09,-1.548380719029799327e-09,-1.804890672275877281e-09,-2.096763919702338843e-09,-2.428031193714917831e-09,-2.803068428163061976e-09,-3.226608115029332099e-09,-3.703747123416668432e-09,-4.239949867444062845e-09,-4.841045486010173638e-09,-5.513217435374977890e-09,-6.262983589110512301e-09,-7.097164582280563891e-09,-8.022837719842016108e-09,-9.047273284231958229e-09,-1.017784951369793414e-08,-1.142194186955536707e-08,-1.278678145410615229e-08,-1.427927656663754489e-08,-1.590579037610413149e-08,-1.767186652713141803e-08,-1.958189316002664111e-08,-2.163869429234779474e-08,-2.384303575354657440e-08,-2.619303085687518356e-08,-2.868342870294149611e-08,-3.130476540292548246e-08,-3.404235554949568920e-08,-3.687509790991377363e-08,-3.977406552585948115e-08,-4.270084613264993572e-08,-4.560559400892381751e-08,-4.842474898677801545e-08,-5.107837234085844779e-08,-5.346704258175892903e-08,-5.546824675393776272e-08,-5.693219463328586268e-08,-5.767697419094440645e-08,-5.748295680125456044e-08,-5.608634989596562256e-08,-5.317178309067852478e-08,-4.836380123765491418e-08,-4.121712441961368089e-08,-3.120552064988804131e-08,-1.770912208064761078e-08,0.000000000000000000e+00
0.000000000000000000e+00,-5.774937577214403941e-12,-1.307813107184286925e-11,-2.219057796835606733e-11,-3.343504200830594390e-11,-4.718116594709482039e-11,-6.385107082521091626e-11,-8.392546801563899564e-11,-1.079503081211770705e-10,-1.365439876363137353e-10,-1.704051299511257776e-10,-2.103209515219445463e-10,-2.571762165872930366e-10,-3.119627743426767197e-10,-3.757896606242095021e-10,-4.498937314451016987e-10,-5.356507776630839370e-10,-6.345870480275810756e-10,-7.483910811601633991e-10,-8.789257148428846140e-10,-1.028240102375957804e-09,-1.198581519615059880e-09,-1.392406691328487521e-09,-1.612392300241546625e-09,-1.861444264842041187e-09,-2.142705280720846133e-09,-2.459560012623636967e-09,-2.815637197851772601e-09,-3.214807773132147285e-09,-3.661177963085267029e-09,-4.159076064952410046e-09,-4.713031426713421350e-09,-5.327743838900236278e-09,-6.008041238321272525e-09,-6.758823247773459163e-09,-7.584987641936113952e-09,-8.491336327308958699e-09,-9.482456843453017009e-09,-1.056257472287251350e-08,-1.173537127525299089e-08,-1.300376047460753374e-08,-1.436961760977672509e-08,-1.583345119259841944e-08,-1.739400828505993803e-08,-1.904780188615165084e-08,-2.078854728832551167e-08,-2.260649234782643869e-08,-2.448762438616241981e-08,-2.641273392317191560e-08,-2.835631260531579315e-08,-3.028525950419836301e-08,-3.215736638687651392e-08,-3.391954856743096812e-08,-3.550578350450817660e-08,-3.683471437866995039e-08,-3.780687043457102179e-08,-3.830144987732342200e-08,-3.817260454550586083e-08,-3.724515842730296673e-08,-3.530968433234035335e-08,-3.211685468303549906e-08,-2.737097346432615910e-08,-2.072258690793081119e-08,-1.176006055013313575e-08,0.000000000000000000e+00
0.000000000000000000e+00,-2.874412902431590433e-12,-6.509498623962393297e-12,-1.104512051205687554e-11,-1.664193056186877342e-11,-2.348391422317200785e-11,-3.178117735958349665e-11,-4.177298843335513529e-11,-5.373108789777128080e-11,-6.796327520677205743e-11,-8.481728169261811301e-11,-1.046849346990544576e-10,-1.280066146511511267e-10,-1.552760020319507154e-10,-1.870451053311117150e-10,-2.239295537110522252e-10,-2.666141291440539395e-10,-3.158585018090547227e-10,-3.725031192497202471e-10,-4.374751837788333428e-10,-5.117946333950192000e-10,-5.965800185068169932e-10,-6.930541393987460254e-10,-8.025492768855250789e-10,-9.265118101291107306e-10,-1.066505970150281459e-09,-1.224216424011473503e-09,-1.401449321665388189e-09,-1.600131363541577095e-09,-1.822306360342219514e-09,-2.070128655245528372e-09,-2.345852660488730132e-09,-2.651817622516936685e-09,-2.990426569569117694e-09,-3.364118209350954230e-09,-3.775330328486338529e-09,-4.226452995411149113e-09,-4.719769579386658727e-09,-5.257383264866903188e-09,-5.841126356390349645e-09,-6.472449227593805632e-09,-7.152285261198244632e-09,-7.880887546391817604e-09,-8.657632436550618926e-09,-9.480784313382994562e-09,-1.034721504209195631e-08,-1.125207062378024629e-08,-1.218837644285996695e-08,-1.314657125451805555e-08,-1.411395864528981265e-08,-1.507406311269146699e-08,-1.600587613122095258e-08,-1.688297558501733236e-08,-1.767249973513541286e-08,-1.833395443509867227e-08,-1.881782959629955999e-08,-1.906399792053128670e-08,-1.899986564832014416e-08,-1.853824150990273781e-08,-1.757488620624445295e-08,-1.598570059197159229e-08,-1.362350628975871312e-08,-1.031436775571470582e-08,-5.853399869158924522e-09,0.000000000000000000e+00
0.000000000000000000e+00,0.000000000000000000e+00,0.000000000000000000e+00,0.000000000000000000e+00,0.000000000000000000e+00,0.000000000000000000e+00,0.000000000000000000e+00,0.000000000000000000e+00,0.000000000000000000e+00,0.000000000000000000e+00,0.000000000000000000e+00,0.000000000000000000e+00,0.000000000000000000e+00,0.000000000000000000e+00,0.000000000000000000e+00,0.000000000000000000e+00,0.000000000000000000e+00,0.000000000000000000e+00,0.000000000000000000e+00,0.000000000000000000e+00,0.000000000000000000e+00,0.000000000000000000e+00,0.000000000000000000e+00,0.000000000000000000e+00,0.000000000000000000e+00,0.000000000000000000e+00,0.000000000000000000e+00,0.000000000000000000e+00,0.000000000000000000e+00,0.000000000000000000e+00,0.000000000000000000e+00,0.000000000000000000e+00,0.000000000000000000e+00,0.000000000000000000e+00,0.000000000000000000e+00,0.000000000000000000e+00,0.000000000000000000e+00,0.000000000000000000e+00,0.000000000000000000e+00,0.000000000000000000e+00,0.000000000000000000e+00,0.000000000000000000e+00,0.000000000000000000e+00,0.000000000000000000e+00,0.000000000000000000e+00,0.000000000000000000e+00,0.000000000000000000e+00,0.000000000000000000e+00,0.000000000000000000e+00,0.000000000000000000e+00,0.000000000000000000e+00,0.000000000000000000e+00,0.000000000000000000e+00,0.000000000000000000e+00,0.000000000000000000e+00,0.000000000000000000e+00,0.000000000000000000e+00,0.000000000000000000e+00,0.000000000000000000e+00,0.000000000000000000e+00,0.000000000000000000e+00,0.000000000000000000e+00,0.000000000000000000e+00,0.000000000000000000e+00,0.000000000000000000e+00
