0.000000000000000000e+00,0.000000000000000000e+00,0.000000000000000000e+00,0.000000000000000000e+00,0.000000000000000000e+00,0.000000000000000000e+00,0.000000000000000000e+00,0.000000000000000000e+00,0.000000000000000000e+00,0.000000000000000000e+00,0.000000000000000000e+00,0.000000000000000000e+00,0.000000000000000000e+00,0.000000000000000000e+00,0.000000000000000000e+00,0.000000000000000000e+00,0.000000000000000000e+00,0.000000000000000000e+00,0.000000000000000000e+00,0.000000000000000000e+00,0.000000000000000000e+00,0.000000000000000000e+00,0.000000000000000000e+00,0.000000000000000000e+00,0.000000000000000000e+00,0.000000000000000000e+00,0.000000000000000000e+00,0.000000000000000000e+00,0.000000000000000000e+00,0.000000000000000000e+00,0.000000000000000000e+00,0.000000000000000000e+00,0.000000000000000000e+00,0.000000000000000000e+00,0.000000000000000000e+00,0.000000000000000000e+00,0.000000000000000000e+00,0.000000000000000000e+00,0.000000000000000000e+00,0.000000000000000000e+00,0.000000000000000000e+00,0.000000000000000000e+00,0.000000000000000000e+00,0.000000000000000000e+00,0.000000000000000000e+00,0.000000000000000000e+00,0.000000000000000000e+00,0.000000000000000000e+00,0.000000000000000000e+00,0.000000000000000000e+00,0.000000000000000000e+00,0.000000000000000000e+00,0.000000000000000000e+00,0.000000000000000000e+00,0.000000000000000000e+00,0.000000000000000000e+00,0.000000000000000000e+00,0.000000000000000000e+00,0.000000000000000000e+00,0.000000000000000000e+00,0.000000000000000000e+00,0.000000000000000000e+00,0.000000000000000000e+00,0.000000000000000000e+00,0.000000000000000000e+00
0.000000000000000000e+00,1.555309607210716574e-09,3.457494639145122703e-09,5.751282363725445479e-09,8.484244898504419782e-09,1.170662395706788142e-08,1.547109783877437388e-08,1.983248796886484752e-08,2.484740319884066359e-08,3.057382104454796296e-08,3.707060611061591361e-08,4.439696710765159094e-08,5.261185509214917588e-08,6.177330682424460273e-08,7.193773841802688739e-08,8.315919572326571360e-08,9.548856909417678967e-08,1.089727813366901889e-07,1.236539586459936575e-07,1.395685952156855155e-07,1.567467228833181890e-07,1.752110976391994120e-07,1.949764150310968641e-07,2.160485664123087638e-07,2.384239475698188740e-07,2.620888304978758324e-07,2.870188079140138763e-07,3.131783185105098699e-07,3.405202588517919662e-07,3.689856852185036779e-07,3.985036055042275194e-07,4.289908574216702765e-07,4.603520646857925353e-07,4.924796574052850952e-07,5.252539364974476854e-07,5.585431543773129210e-07,5.922035752497406438e-07,6.260794677906728348e-07,6.600029705140431275e-07,6.937937552796646928e-07,7.272583967068235506e-07,7.601893341092506264e-07,7.923632872189979811e-07,8.235389565247575565e-07,8.534538024403670129e-07,8.818196534616482057e-07,9.083168404484119848e-07,9.325864904019154273e-07,9.542205365171418472e-07,9.727489094667789840e-07,9.876232650549638461e-07,9.981964724161415085e-07,1.003696931277591972e-06,1.003196602490373359e-06,9.955714186892081793e-07,9.794524868033975328e-07,9.531661960969675076e-07,9.146609990809952856e-07,8.614182324643380478e-07,7.903438857325714058e-07,6.976377006170034291e-07,5.786353907710789783e-07,4.276191033961235229e-07,2.375905006684433155e-07,0.000000000000000000e+00
0.000000000000000000e+00,3.654842578014458903e-09,8.124813054641537818e-09,1.351501789164039660e-08,1.993724908013902634e-08,2.750957245809458734e-08,3.635578024782486740e-08,4.660470154830500708e-08,5.838936657446418208e-08,7.184602270918624359e-08,8.711300295068053211e-08,1.043294500582343872e-07,1.236339025743240417e-07,1.451627518738496242e-07,1.690485823979149951e-07,1.954184101999909258e-07,2.243918377913933178e-07,2.560791459419898103e-07,2.905793454895501613e-07,3.279782142544786967e-07,3.683463457626538171e-07,4.117372375649654592e-07,4.581854474257259093e-07,5.077048454520273107e-07,5.602869892710010772e-07,6.158996475493781508e-07,6.744854944044222992e-07,7.359609934861468137e-07,8.002154856171894270e-07,8.671104877440167539e-07,9.364792034458873544e-07,1.008126236202711097e-06,1.081827485838279102e-06,1.157330195780738504e-06,1.234353103703776189e-06,1.312586630335959241e-06,1.391693020258269914e-06,1.471306323734240730e-06,1.551032079265174315e-06,1.630446521684653950e-06,1.709095099031483348e-06,1.786490031737288088e-06,1.862106588093400524e-06,1.935377678418912271e-06,2.005686284314039082e-06,2.072355135842024697e-06,2.134632924876807283e-06,2.191676192995798349e-06,2.242525852301973908e-06,2.286077081770224204e-06,2.321041083633167658e-06,2.345896876554854391e-06,2.358830936545236975e-06,2.357662063431641659e-06,2.339748339949729690e-06,2.301872450951634473e-06,2.240100929843565866e-06,2.149612085503836620e-06,2.024486422554013264e-06,1.857452287901454639e-06,1.639578244365754972e-06,1.359902276514351750e-06,1.004986365132512055e-06,5.583832187053027636e-07,0.000000000000000000e+00
0.000000000000000000e+00,6.420414654084873871e-09,1.427275634571864127e-08,2.374166779823006354e-08,3.502353737940343230e-08,4.832577618947573827e-08,6.386585660898181980e-08,8.187010133524764697e-08,1.025722155126356283e-07,1.262115585546302158e-07,1.530311566765416783e-07,1.832754619355662170e-07,2.171878686245494700e-07,2.550080030872846413e-07,2.969688083042178740e-07,3.432934498148802282e-07,3.941920745653485051e-07,4.498584589571335168e-07,5.104665865852133109e-07,5.761671997421565115e-07,6.470843715863912430e-07,7.233121477801546561e-07,8.049113072523071356e-07,8.919062913898267336e-07,9.842823492666911500e-07,1.081982943335121637e-06,1.184907455181842006e-06,1.292909224331201680e-06,1.405793944480973263e-06,1.523318430783671528e-06,1.645189758598559061e-06,1.771064758249622230e-06,1.900549831379159347e-06,2.033201032044682477e-06,2.168524329217326339e-06,2.305975936110600038e-06,2.444962554931788544e-06,2.584841342120429081e-06,2.724919347569782902e-06,2.864452120048645755e-06,3.002641097995744995e-06,3.138629317533222750e-06,3.271494864880668986e-06,3.400241374653244958e-06,3.523784724362758062e-06,3.640934893524345999e-06,3.750371736846682788e-06,3.850613157695098323e-06,3.939973851783331499e-06,4.016512411933463152e-06,4.077964131333997134e-06,4.121656302030102653e-06,4.144402162745917206e-06,4.142368889208901666e-06,4.110914122871412335e-06,4.044384480643046457e-06,3.935868257865368910e-06,3.776893107050187001e-06,3.557057822959434534e-06,3.263585467491892663e-06,2.880782903474798324e-06,2.389389354762598661e-06,1.765793854459234836e-06,9.810983724662980310e-07,0.000000000000000000e+00
0.000000000000000000e+00,9.992796561772007035e-09,2.221426377828182805e-08,3.695178912536875213e-08,5.451104392063960879e-08,7.521485874644001912e-08,9.940172762093041392e-08,1.274239238656210343e-07,1.596452161529808609e-07,1.964381794307011288e-07,2.381811022977911151e-07,2.852544998423313897e-07,3.380372488082240659e-07,3.969023700833565999e-07,4.622124917195311333e-07,5.343150338135751634e-07,6.135371643941373040e-07,7.001805827542595004e-07,7.945161932236134729e-07,8.967787379600803847e-07,1.007161461730890893e-06,1.125810884622358912e-06,1.252821759939843558e-06,1.388232294013149281e-06,1.532019701984907998e-06,1.684096168705032289e-06,1.844305276349710197e-06,2.012418950079598564e-06,2.188134959673712784e-06,2.371074998309027465e-06,2.560783339130689482e-06,2.756726045526348116e-06,2.958290681530007664e-06,3.164786433849984840e-06,3.375444515783598354e-06,3.589418674670383032e-06,3.805785567195368891e-06,4.023544699096191749e-06,4.241617545552355037e-06,4.458845373141732049e-06,4.673985170538479857e-06,4.885702959182394901e-06,5.092563592212673266e-06,5.293015954278507013e-06,5.485372239513965000e-06,5.667779701769221246e-06,5.838182930385905648e-06,5.994274294943096297e-06,6.133429710127392059e-06,6.252626281728727864e-06,6.348337688976131123e-06,6.416402316782840158e-06,6.451858151168347302e-06,6.448737266709103858e-06,6.399811338254632882e-06,6.296277969733534967e-06,6.127375717843176288e-06,5.879913463177446252e-06,5.537697210261734220e-06,5.080834445342441053e-06,4.484892812259512059e-06,3.719886051082426538e-06,2.749055855649997122e-06,1.527413527387096201e-06,0.000000000000000000e+00
0.000000000000000000e+00,1.453334053023945955e-08,3.230802889763662402e-08,5.374205063526243687e-08,7.927998824590896611e-08,1.093913866767388796e-07,1.445685789076322851e-07,1.853239468695138783e-07,2.321866009304953566e-07,2.856984702203905408e-07,3.464098060648640633e-07,4.148741116099344944e-07,4.916425221420777765e-07,5.772576724230288419e-07,6.722470993074994953e-07,7.771162397176807214e-07,8.923410954122594159e-07,1.018360646596453320e-06,1.155569105949879952e-06,1.304308112772035530e-06,1.464858973330205295e-06,1.637435057812419997e-06,1.822174466212064457e-06,2.019133074676872269e-06,2.228278070020056661e-06,2.449482072887041053e-06,2.682517939158368165e-06,2.927054314185212622e-06,3.182651994998652865e-06,3.448761131250022579e-06,3.724719265788921826e-06,4.009750179816252547e-06,4.302963464660743037e-06,4.603354691421047280e-06,4.909805989742008914e-06,5.221086776285306286e-06,5.535854290045806490e-06,5.852653493099796210e-06,6.169915778593824577e-06,6.485955789010784274e-06,6.798965482326622233e-06,7.107004385902729616e-06,7.407984740919136806e-06,7.699649955479443509e-06,7.979544442170791134e-06,8.244972503877702884e-06,8.492943435862067511e-06,8.720099415884669851e-06,8.922622038032965280e-06,9.096112487443631088e-06,9.235439326442902784e-06,9.334546638368307857e-06,9.386213820326983270e-06,9.381756593372595491e-06,9.310656767206263579e-06,9.160105912037424489e-06,8.914445304955566409e-06,8.554481281771927564e-06,8.056651385977743284e-06,7.392012412343801611e-06,6.525016543803560436e-06,5.412036231217305297e-06,3.999592228963674438e-06,2.222232249850037869e-06,0.000000000000000000e+00
0.000000000000000000e+00,2.022551585377239088e-08,4.496191344464521214e-08,7.479091249153483021e-08,1.103312557692903665e-07,1.522364361502549967e-07,2.011916724199980515e-07,2.579100993838010043e-07,3.231281489144494783e-07,3.976001111567362396e-07,4.820918790159413563e-07,5.773738940949508367e-07,6.842133281381867673e-07,8.033655504761683369e-07,9.355649485887616929e-07,1.081515185330338683e-06,1.241878992170971003e-06,1.417267612568584211e-06,1.608230022847662262e-06,1.815242069263017953e-06,2.038695668812238548e-06,2.278888227369384365e-06,2.536012431390843276e-06,2.810146568340942135e-06,3.101245525649885949e-06,3.409132607993142228e-06,3.733492297497103549e-06,4.073864060625769878e-06,4.429637278430439940e-06,4.800047342912521926e-06,5.184172920707979231e-06,5.580934335244428234e-06,5.989092958831593277e-06,6.407251435434047377e-06,6.833854471401250126e-06,7.267189833010833898e-06,7.705389073579813129e-06,8.146427375695372900e-06,8.588121731557479965e-06,9.028126491242733035e-06,9.463925078411994127e-06,9.892816397663940469e-06,1.031189412774393451e-05,1.071801669851029746e-05,1.110776527296576918e-05,1.147738648213020282e-05,1.182271597034699935e-05,1.213907797861307896e-05,1.242115519666898098e-05,1.266282191958632776e-05,1.285693211550939483e-05,1.299505230713286156e-05,1.306712714429707817e-05,1.306106314725423992e-05,1.296221327288516386e-05,1.275274163753194098e-05,1.241084385376245372e-05,1.190979393433844907e-05,1.121678351283816051e-05,1.029151315461124494e-05,9.084488714535525087e-06,7.534967976260108303e-06,5.568494129186950665e-06,3.093942969331722295e-06,0.000000000000000000e+00
0.000000000000000000e+00,2.727630108453311276e-08,6.063604262119337793e-08,1.008637760652708142e-07,1.487939969281348573e-07,2.053080822269832380e-07,2.713302150214327070e-07,3.478222495284909138e-07,4.357774852910295994e-07,5.362133358109269333e-07,6.501628958105213931e-07,7.786654315564600084e-07,9.227558401053076719e-07,1.083453145487154539e-06,1.261748122255346972e-06,1.458590158974682696e-06,1.674873495537295803e-06,1.911422988097156359e-06,2.168979573294102780e-06,2.448185618679090289e-06,2.749570358233945575e-06,3.073535619982754752e-06,3.420342056305455520e-06,3.790096086078630413e-06,4.182737750576986696e-06,4.598029671555300842e-06,5.035547279457297404e-06,5.494670451583758751e-06,5.974576663545818806e-06,6.474235711571328212e-06,6.992406007210503402e-06,7.527632378477332783e-06,8.078245230959480772e-06,8.642360827055930360e-06,9.217882328910638061e-06,9.802501117854189831e-06,1.039369774655174984e-05,1.098874169496870433e-05,1.158468888196473159e-05,1.217837562370599892e-05,1.276640741939973876e-05,1.334514057340815896e-05,1.391065421758688362e-05,1.445870976301147740e-05,1.498469416725951945e-05,1.548354262964533621e-05,1.594963539567500173e-05,1.637666223225345052e-05,1.675744679038544273e-05,1.708372146006277863e-05,1.734584139427080578e-05,1.753242408041018688e-05,1.762989810571860896e-05,1.762194152905469205e-05,1.748878645807202571e-05,1.720636195492062314e-05,1.674524216566384064e-05,1.606936049427965882e-05,1.513444362426508251e-05,1.388611113219418829e-05,1.225757724444835169e-05,1.016688087564763397e-05,7.513558384911276336e-06,4.174660446776077749e-06,0.000000000000000000e+00
0.000000000000000000e+00,3.591737504280359275e-08,7.984545319149435008e-08,1.328173901108527926e-07,1.959321297370889990e-07,2.703503757412555449e-07,3.572892295004666649e-07,4.580154333161068969e-07,5.738371773124883333e-07,7.060944507370324717e-07,8.561479430623214048e-07,1.025366526968630748e-06,1.215113383484936496e-06,1.426730858729840599e-06,1.661524171194215345e-06,1.920744117656493665e-06,2.205568953882744739e-06,2.517085652463216960e-06,2.856270763676013615e-06,3.223971125334372332e-06,3.620884683349938059e-06,4.047541695415995615e-06,4.504286594975127710e-06,4.991260790683313583e-06,5.508386667117926977e-06,6.055353034688383005e-06,6.631602249755796663e-06,7.236319188953943971e-06,7.868422213638467944e-06,8.526556200141691843e-06,9.209087637742919465e-06,9.914101707364945867e-06,1.063940114799216968e-05,1.138250659220147532e-05,1.214065790391008094e-05,1.291081587658964304e-05,1.368966344390797277e-05,1.447360531095533267e-05,1.525876462532874982e-05,1.604097496402008278e-05,1.681576550276349391e-05,1.757833674515162027e-05,1.832352360230088119e-05,1.904574190944753400e-05,1.973891361876860709e-05,2.039636488836736049e-05,2.101069006073230086e-05,2.157357304892664479e-05,2.207555587730093721e-05,2.250574200007550985e-05,2.285141948192608157e-05,2.309758609709391521e-05,2.322635480565720306e-05,2.321621380603473858e-05,2.304111034071793513e-05,2.266932153780506124e-05,2.206206868634181441e-05,2.117182334462312262e-05,1.994024443961570322e-05,1.829567490448644724e-05,1.615011429664546446e-05,1.339557012877624235e-05,9.899675237752530451e-06,5.500441349090720466e-06,0.000000000000000000e+00
0.000000000000000000e+00,4.640604415342241556e-08,1.031621555050308223e-07,1.716032822537850159e-07,2.531494049222529362e-07,3.493003375891026692e-07,4.616288066827812894e-07,5.917717281475052086e-07,7.414196291957503285e-07,9.123041896373763962e-07,1.106183909641265630e-06,1.324827945234086285e-06,1.569998189255491711e-06,1.843429713150530991e-06,2.146809723078295642e-06,2.481755221462292145e-06,2.849789601351123200e-06,3.252318434798419112e-06,3.690604746876407981e-06,4.165744092858637350e-06,4.678639776488259285e-06,5.229978561037492595e-06,5.820207231017970079e-06,6.449510359885017959e-06,7.117789626858216448e-06,7.824645003006513996e-06,8.569358091932791833e-06,9.350877862579760243e-06,1.016780894958639714e-05,1.101840261878660583e-05,1.190055040013478211e-05,1.281178027547949223e-05,1.374925517161944359e-05,1.470977334676761328e-05,1.568977006691840961e-05,1.668531974263465890e-05,1.769213743015425827e-05,1.870557828559507368e-05,1.972063318763132576e-05,2.073191830021940311e-05,2.173365581787370780e-05,2.271964250341673242e-05,2.368320186991637572e-05,2.461711494793843402e-05,2.551352348421427713e-05,2.636379810012703397e-05,2.715836235282363589e-05,2.788646173510093282e-05,2.853586436049510190e-05,2.909247733543604512e-05,2.953985953851777032e-05,2.985860761406459025e-05,3.002558733749224499e-05,3.001297700541211960e-05,2.978708301378789217e-05,2.930688017087869292e-05,2.852222039606620000e-05,2.737164312067507461e-05,2.577970876745152361e-05,2.365376297615676374e-05,2.088002360468416932e-05,1.731886482370242016e-05,1.279915271899176378e-05,7.111464639359159507e-06,0.000000000000000000e+00
0.000000000000000000e+00,5.902583997551666211e-08,1.312164624305809503e-07,2.182699712623242069e-07,3.219926729358765835e-07,4.442924727693508514e-07,5.871700810399327981e-07,7.527079281218871638e-07,9.430567201275111111e-07,1.160419603094719459e-06,1.407033944267385994e-06,1.685150782802674205e-06,1.997012048529491920e-06,2.344825695259436571e-06,2.730738943586764588e-06,3.156809875977292565e-06,3.624977673027687629e-06,4.137031822805823920e-06,4.694580673846943586e-06,5.299019735344545597e-06,5.951500153996526349e-06,6.652897814508001427e-06,7.403783518585727396e-06,8.204394694066538020e-06,9.054609070289723982e-06,9.953920726614905802e-06,1.090141887672043858e-05,1.189576969051618405e-05,1.293520137653814646e-05,1.401749264869654786e-05,1.513996458002636532e-05,1.629947569998352173e-05,1.749242001757063815e-05,1.871472744609378050e-05,1.996186586154746702e-05,2.122884373910599462e-05,2.251021197294995833e-05,2.380006308366777474e-05,2.509202554229119571e-05,2.637925037524359491e-05,2.765438654114522557e-05,2.890954076534892284e-05,3.013621655310266018e-05,3.132522594333498050e-05,3.246656617142852365e-05,3.354925173236569271e-05,3.456109031775689137e-05,3.548838867388153477e-05,3.631557151413021084e-05,3.702469312684369778e-05,3.759481714371520715e-05,3.800123495536925165e-05,3.821448734498362001e-05,3.819914690778643696e-05,3.791231056836918414e-05,3.730174181869187652e-05,3.630359098402017920e-05,3.483960867808396516e-05,3.281375242261375623e-05,3.010806897000834463e-05,2.657771497904633175e-05,2.204495616866909089e-05,1.629195976267596742e-05,9.052166837136273414e-06,0.000000000000000000e+00
0.000000000000000000e+00,7.408671845629216508e-08,1.646974329957007699e-07,2.739637069294366497e-07,4.041529793908907059e-07,5.576602889076065145e-07,7.369972488821702741e-07,9.447781483743182313e-07,1.183703092005793902e-06,1.456538138674034740e-06,1.766092449557434444e-06,2.115192510816298598e-06,2.506653554456541379e-06,2.943248360881053736e-06,3.427673687414925198e-06,3.962514627138428457e-06,4.550207260177647948e-06,5.193000013592369978e-06,5.892914194517493481e-06,6.651704202581925169e-06,7.470817960162802739e-06,8.351358121053203211e-06,9.294044627962044428e-06,1.029917918527096138e-05,1.136661219399336405e-05,1.249571265923871668e-05,1.368534152494371026e-05,1.493382881433632267e-05,1.623895485550028403e-05,1.759793574716377707e-05,1.900741306768566341e-05,2.046344764681673359e-05,2.196151700106342231e-05,2.349651577426040513e-05,2.506275821886272745e-05,2.665398139245950642e-05,2.826334731802311045e-05,2.988344185286005760e-05,3.150626741448184058e-05,3.312322600230972270e-05,3.472508810846086581e-05,3.630194209971800444e-05,3.784311744078905099e-05,3.933707367340166848e-05,4.077124531542047008e-05,4.213183073798399856e-05,4.340351054440295530e-05,4.456907792738333660e-05,4.560895982205928303e-05,4.650060328679406820e-05,4.721769630022817454e-05,4.772918591195732740e-05,4.799804925678460171e-05,4.797976415040422434e-05,4.762041561992972266e-05,4.685436255967540637e-05,4.560137449844028072e-05,4.376313196367962908e-05,4.121896486715871547e-05,3.782068145250368593e-05,3.338631538399235458e-05,2.769259028778336298e-05,2.046586929200622823e-05,1.137132172356842009e-05,0.000000000000000000e+00
0.000000000000000000e+00,9.192479167007592644e-08,2.043522768135516913e-07,3.399274815382465784e-07,5.014641112354810111e-07,6.919342981533049195e-07,9.144549404779253297e-07,1.172270475683090492e-06,1.468731980993621507e-06,1.807272550662338467e-06,2.191378962732054597e-06,2.624559716045570180e-06,3.110309590257908779e-06,3.652070956075243881e-06,4.253192138292316427e-06,4.916883208668095076e-06,5.646169657384352827e-06,6.443844458796865886e-06,7.312419107370333424e-06,8.254074251007207584e-06,9.270610589346523715e-06,1.036340073193698018e-05,1.153334272341139230e-05,1.278081593785220852e-05,1.410564002039159689e-05,1.550703750865098975e-05,1.698360069773822457e-05,1.853326321788179005e-05,2.015327667084466982e-05,2.184019251711801158e-05,2.358984921711298232e-05,2.539736440200144712e-05,2.725713157839811340e-05,2.916282054936815060e-05,3.110738035433283332e-05,3.308304308234106807e-05,3.508132638437613500e-05,3.709303188524474166e-05,3.910823595472711001e-05,4.111626841701247742e-05,4.310567372744574151e-05,4.506414789011896842e-05,4.697844288494137038e-05,4.883422856549783441e-05,5.061589981566968376e-05,5.230631413789792866e-05,5.388644169949180702e-05,5.533490608022413788e-05,5.662738942183443141e-05,5.773587023585392727e-05,5.862765561727905299e-05,5.926416185238827665e-05,5.959938819017841685e-05,5.957801763494684531e-05,5.913306575489022548e-05,5.818298340772669048e-05,5.662810165848815340e-05,5.434628668991271989e-05,5.118764885598713814e-05,4.696812287753917968e-05,4.146170521117703345e-05,3.439109955407146499e-05,2.541648204229684816e-05,1.412205380230693233e-05,0.000000000000000000e+00
0.000000000000000000e+00,1.129015238453198803e-07,2.509845676921524813e-07,4.174980607260948304e-07,6.158982216434115287e-07,8.498359891219571805e-07,1.123140267692104427e-06,1.439796795675503358e-06,1.803922503279471106e-06,2.219735298688674248e-06,2.691519297265016698e-06,3.223585592524407600e-06,3.820228755909996811e-06,4.485679343781733717e-06,5.224052782526193506e-06,6.039295094102153152e-06,6.935126012364625465e-06,7.914980122725131484e-06,8.981946731599807466e-06,1.013870923511676238e-05,1.138748480613124264e-05,1.272996525217121653e-05,1.416725991196679475e-05,1.569984145217886290e-05,1.732749539631846865e-05,1.904927416207665390e-05,2.086345629871592738e-05,2.276751149997487014e-05,2.475807181697712493e-05,2.683090930633779561e-05,2.898092011680169670e-05,3.120211473822962270e-05,3.348761380328730381e-05,3.582964843697270121e-05,3.821956368234920472e-05,4.064782298025780018e-05,4.310401103098133058e-05,4.557683159761261548e-05,4.805409590035462426e-05,5.052269616860394002e-05,5.296855762710051934e-05,5.537656064924578530e-05,5.773042296092598558e-05,6.001252955668877012e-05,6.220369531878417184e-05,6.428284211534881338e-05,6.622656828679347675e-05,6.800858377992665175e-05,6.959897860672863157e-05,7.096328561446529730e-05,7.206129055573685981e-05,7.284553291315193249e-05,7.325942960672786168e-05,7.323494030614074155e-05,7.268967726843842910e-05,7.152334408048120187e-05,6.961336603504523633e-05,6.680954972135882334e-05,6.292758036443491150e-05,5.774113210219057048e-05,5.097232835958360900e-05,4.228024641500773765e-05,3.124711186815598839e-05,1.736177481774482738e-05,0.000000000000000000e+00
0.000000000000000000e+00,1.374023265513874722e-07,3.054511216413265645e-07,5.081007929001666536e-07,7.495581783067893031e-07,1.034267278586941828e-06,1.366888899132509685e-06,1.752274965864167436e-06,2.195437354089276804e-06,2.701511154202007940e-06,3.275712392014013197e-06,3.923290323100715534e-06,4.649474527982812057e-06,5.459417146114859285e-06,6.358130699132901831e-06,7.350422064998215154e-06,8.440823271752806423e-06,9.633519879620248318e-06,1.093227781009025824e-05,1.234036955730987773e-05,1.386050077744291296e-05,1.549473829253441898e-05,1.724444056373651663e-05,1.911019168143984664e-05,2.109173988384727261e-05,2.318794154769906010e-05,2.539671149198943840e-05,2.771498029414338538e-05,3.013865913444292385e-05,3.266261245413545509e-05,3.528063843048622622e-05,3.798545693182520458e-05,4.076870420973813686e-05,4.362093310442558751e-05,4.653161697097777809e-05,4.948915486391583307e-05,5.248087472609411479e-05,5.549303039252654083e-05,5.851078711079804205e-05,6.151818896144520819e-05,6.449809998978539083e-05,6.743210898102738253e-05,7.030038555739840061e-05,7.308147257014809364e-05,7.575199650554163128e-05,7.828627370905122157e-05,8.065578552192358250e-05,8.282848976173351561e-05,8.476792917996860035e-05,8.643208938277128725e-05,8.777194896205029449e-05,8.872965297597133207e-05,8.923622712786357910e-05,8.920873367212319371e-05,8.854675084022994511e-05,8.712803501080848502e-05,8.480319849585268345e-05,8.138920520796668386e-05,7.666145112394248608e-05,7.034415588103793879e-05,6.209874556547924167e-05,5.150985435289183592e-05,3.806851378799151048e-05,2.115203291211689314e-05,0.000000000000000000e+00
0.000000000000000000e+00,1.658344931917055949e-07,3.686574062155940063e-07,6.132419758498005430e-07,9.046663085557679246e-07,1.248294992248039854e-06,1.649754567109796126e-06,2.114902570737373174e-06,2.649789962820767548e-06,3.260616836783380798e-06,3.953681439059963212e-06,4.735322639189764885e-06,5.611856123452189999e-06,6.589504718818588455e-06,7.674323389654417210e-06,8.872119583717837270e-06,1.018836973317218734e-05,1.162813283699678138e-05,1.319596215965969976e-05,1.489581617345795924e-05,1.673096994476125880e-05,1.870392821375252730e-05,2.081634143940608468e-05,2.306892607267086961e-05,2.546139027742574254e-05,2.799236623697826692e-05,3.065935005978669213e-05,3.345865012752365141e-05,3.638534450696001262e-05,3.943324776915436882e-05,4.259488721887142858e-05,4.586148812649750811e-05,4.922296706472298951e-05,5.266793187139380707e-05,5.618368607377646518e-05,5.975623479994451740e-05,6.337028824742066771e-05,6.700925764930666976e-05,7.065523733874032927e-05,7.428896492013582211e-05,7.788974965682965391e-05,8.143535691410751709e-05,8.490183377477172400e-05,8.826325767563109525e-05,9.149138598274584189e-05,9.455517969418121170e-05,9.742016876969739438e-05,1.000476197472652251e-04,1.023934580951329468e-04,1.044068879091545428e-04,1.060286398042485710e-04,1.071887638316711627e-04,1.078038676032868595e-04,1.077736800996033020e-04,1.069767984161999215e-04,1.052654474583705974e-04,1.024590507849552776e-04,9.833637385934875419e-05,9.262595830158637457e-05,8.499451676297510984e-05,7.503290219933358822e-05,6.223920208832578102e-05,4.599843709963237015e-05,2.555826460256600168e-05,0.000000000000000000e+00
0.000000000000000000e+00,1.986244205595357843e-07,4.415513650444371566e-07,7.344985873250956678e-07,1.083549256199668786e-06,1.495129981090605532e-06,1.975981486237969863e-06,2.533121591856202094e-06,3.173800268240432549e-06,3.905446651074891102e-06,4.735608041685119078e-06,5.671881062539529473e-06,6.721835293324736102e-06,7.892929873335107098e-06,9.192423718282434800e-06,1.062728016016022635e-05,1.220406697342976431e-05,1.392885289526419600e-05,1.580710187748207669e-05,1.784356641863183457e-05,2.004218141193319034e-05,2.240596000393210908e-05,2.493689298530607824e-05,2.763585322481706800e-05,3.050250660550783257e-05,3.353523082435473694e-05,3.673104326804910099e-05,4.008553897337215831e-05,4.359283941522748421e-05,4.724555253246993112e-05,5.103474399376362318e-05,5.494991921378622934e-05,5.897901504306781709e-05,6.310839935878839540e-05,6.732287596164838084e-05,7.160569121377298929e-05,7.593853770733639688e-05,8.030154889925790354e-05,8.467327704176247664e-05,8.903064482965514616e-05,9.334885890873218417e-05,9.760127066750112388e-05,1.017591664711800612e-04,1.057914655780157060e-04,1.096642992657222420e-04,1.133404390264674654e-04,1.167785348685953498e-04,1.199321165646613686e-04,1.227483008431987121e-04,1.251661357291173314e-04,1.271144991427904439e-04,1.285094520702059621e-04,1.292509266647982240e-04,1.292186060322703285e-04,1.282668246277614559e-04,1.262182855557849811e-04,1.228563529596564743e-04,1.179156334364759592e-04,1.110705093139133692e-04,1.019212279735971961e-04,8.997708452755515791e-05,7.463615943652055363e-05,5.516098759896479359e-05,3.064944070185525525e-05,0.000000000000000000e+00
0.000000000000000000e+00,2.362140752281686341e-07,5.251155636624494116e-07,8.735052233708409510e-07,1.288618719573462765e-06,1.778100555134652373e-06,2.349969262936619852e-06,3.012573453284759680e-06,3.774538437133556360e-06,4.644703291122665565e-06,5.632048391340047647e-06,6.745613616833448761e-06,7.994407608062359123e-06,9.387308656088562327e-06,1.093295799124796969e-05,1.263964643083134436e-05,1.451519552910135230e-05,1.656683454471644110e-05,1.880107469507262850e-05,2.122358229887277546e-05,2.383905251201100874e-05,2.665108543225482327e-05,2.966206637989138555e-05,3.287305214918199471e-05,3.628366496385134821e-05,3.989199575354461633e-05,4.369451819164525897e-05,4.768601469209530900e-05,5.185951524730869221e-05,5.620624959338178702e-05,6.071561270368821113e-05,6.537514302684717805e-05,7.017051218674250914e-05,7.508552403426787354e-05,8.010211996217070363e-05,8.520038623989790462e-05,9.035855776235083669e-05,9.555301099450589513e-05,1.007582369827390151e-04,1.059467830313030651e-04,1.110891489324426112e-04,1.161536203978260999e-04,1.211060184541456032e-04,1.259093389002726218e-04,1.305232503136061976e-04,1.349034123443085113e-04,1.390005679175755062e-04,1.427593532053732944e-04,1.461167575148699586e-04,1.490001512063141964e-04,1.513247829799374675e-04,1.529906278834933372e-04,1.538784436529617864e-04,1.538448649103774080e-04,1.527163316450404294e-04,1.502816095794401951e-04,1.462826146994143824e-04,1.404032015989465114e-04,1.322555145194881181e-04,1.213634302174680245e-04,1.071425422699427200e-04,8.887604640026112307e-05,6.568578527644852770e-05,3.649759860726634855e-05,0.000000000000000000e+00
0.000000000000000000e+00,2.790566749729227598e-07,6.203575903702738060e-07,1.031938134134624103e-06,1.522347908005800433e-06,2.100620009789736150e-06,2.776229998486563218e-06,3.559044060755652798e-06,4.459256047701934651e-06,5.487313222246007022e-06,6.653830747199862905e-06,7.969495149605900216e-06,9.444957214240030718e-06,1.109071498414649742e-05,1.291698777382865293e-05,1.493358232595655663e-05,1.714975245947251915e-05,1.957405375978961851e-05,2.221419504419154642e-05,2.507688849124371452e-05,2.816770044566361170e-05,3.149090499333133739e-05,3.504934243865158856e-05,3.884428480204546853e-05,4.287531038269690555e-05,4.714018929444050039e-05,5.163478167426321388e-05,5.635294997624028934e-05,6.128648639104366158e-05,6.642505596351808259e-05,7.175615540769855966e-05,7.726508692730243272e-05,8.293494552451515845e-05,8.874661730129105067e-05,9.467878510101026244e-05,1.007079364735683250e-04,1.068083673355149361e-04,1.129521727908804930e-04,1.191092143184244449e-04,1.252470498437443006e-04,1.313308100097638576e-04,1.373230001262885328e-04,1.431832026847467949e-04,1.488676498064791967e-04,1.543286283585273912e-04,1.595136724895294381e-04,1.643644887377904596e-04,1.688155473242216188e-04,1.727922593921928194e-04,1.762086433635633425e-04,1.789643637511173784e-04,1.809410021401757331e-04,1.819973919930418258e-04,1.819638157327606830e-04,1.806348234487765514e-04,1.777603866888580230e-04,1.730350472508161198e-04,1.660846587077015476e-04,1.564502466072266993e-04,1.435684308958959550e-04,1.267477601851412601e-04,1.051402011436828590e-04,7.770690686433741302e-05,4.317725504702894400e-05,0.000000000000000000e+00
0.000000000000000000e+00,3.276115701884516332e-07,7.282986786783278587e-07,1.211496301451506033e-06,1.787243634421223670e-06,2.466148131057364658e-06,3.259337434948566281e-06,4.178398640868162849e-06,5.235304494258520469e-06,6.442326339805610566e-06,7.811933852352042235e-06,9.356681824271462046e-06,1.108908453830156732e-05,1.302147851868563502e-05,1.516587472063462389e-05,1.753380148236647370e-05,2.013613981862303384e-05,2.298295287257899546e-05,2.608331155716931267e-05,2.944511859966494687e-05,3.307493334735914605e-05,3.697779979003939436e-05,4.115708029911695068e-05,4.561429756650405779e-05,5.034898714121824743e-05,5.535856280076606787e-05,6.063819674986593606e-05,6.618071630270532164e-05,7.197651826752000850e-05,7.801350170333253768e-05,8.427701904580733676e-05,9.074984478739194470e-05,9.741215992778810286e-05,1.042415492613854724e-04,1.112130072098892821e-04,1.182989463049860567e-04,1.254692005324561065e-04,1.326910135094365104e-04,1.399289988106853838e-04,1.471450566013774764e-04,1.542982269670743181e-04,1.613444558264882684e-04,1.682362439122476246e-04,1.749221428194071694e-04,1.813460543237110651e-04,1.874462797911579824e-04,1.931542552175818104e-04,1.983928938764614909e-04,2.030744422778491920e-04,2.070977356454533529e-04,2.103447158226601839e-04,2.126760467619790221e-04,2.139256297930895690e-04,2.138937818736454653e-04,2.123387940908498376e-04,2.089665338064517776e-04,2.034176909579524283e-04,1.952521960230674410e-04,1.839302528690164255e-04,1.687893329893444040e-04,1.490163673705348964e-04,1.236142474247869569e-04,9.136160625102999035e-05,5.076469539720637498e-05,0.000000000000000000e+00
0.000000000000000000e+00,3.823383272229933220e-07,8.499605555792100997e-07,1.413879565195956853e-06,2.085814054240665727e-06,2.878146693342173672e-06,3.803868161706647540e-06,4.876506402445221647e-06,6.110040640012367512e-06,7.518799936547598006e-06,9.117346323277072465e-06,1.092034282386703763e-05,1.294240698372091353e-05,1.519795082682650101e-05,1.770100847328019187e-05,2.046505295878343409e-05,2.350280409442730305e-05,2.682602948275453219e-05,3.044534105593042935e-05,3.436998971521793868e-05,3.860766081912707099e-05,4.316427338189635326e-05,4.804378589572263857e-05,5.324801167078825322e-05,5.877644648803776611e-05,6.462611117209794980e-05,7.079141140663049029e-05,7.726401672206109769e-05,8.403276007530233703e-05,9.108355880050458884e-05,9.839935692453513866e-05,1.059600878932808648e-04,1.137426556234328863e-04,1.217209304523044172e-04,1.298657549718799117e-04,1.381449528606024167e-04,1.465233316146892875e-04,1.549626674642941467e-04,1.634216576569324044e-04,1.718558216003728868e-04,1.802173279557060890e-04,1.884547195071576385e-04,1.965125013247436317e-04,2.043305501575890177e-04,2.118432938843117135e-04,2.189785988866291885e-04,2.256562900301033094e-04,2.317862120937839348e-04,2.372657224782582759e-04,2.419764822493044839e-04,2.457803853654614602e-04,2.485144335229808868e-04,2.499843255642476771e-04,2.499564848694930431e-04,2.481481945213666893e-04,2.442154471387108692e-04,2.377380428777939596e-04,2.282013838892807758e-04,2.149743151526162081e-04,1.972822487420791931e-04,1.741746799196664973e-04,1.444860578303496250e-04,1.067888100376367203e-04,5.933713804735970128e-05,0.000000000000000000e+00
0.000000000000000000e+00,4.436900344707107561e-07,9.863505619485402223e-07,1.640763875332355992e-06,2.420532163893419272e-06,3.340029105911891333e-06,4.414335088353116644e-06,5.659155283002180747e-06,7.090720046296641754e-06,8.725667381031262606e-06,1.058090749860862417e-05,1.267346984583180717e-05,1.502033330458328605e-05,1.763824062932834201e-05,2.054349854856700908e-05,2.375176531371753010e-05,2.727782782341062355e-05,3.113537077329410577e-05,3.533674057134867931e-05,3.989270700636225850e-05,4.481222585248741190e-05,5.010220572561709297e-05,5.576728256761375379e-05,6.180960511223004838e-05,6.822863457186877740e-05,7.502096156698336905e-05,8.218014298936580670e-05,8.969656103552085965e-05,9.755730605429600280e-05,1.057460841096390943e-04,1.142431492479319491e-04,1.230252593594123058e-04,1.320656532096680541e-04,1.413340446588445061e-04,1.507966282439991658e-04,1.604160881250206309e-04,1.701515998254280739e-04,1.799588111597852022e-04,1.897897851344493118e-04,1.995928833207029145e-04,2.093125630849350339e-04,2.188890559436155688e-04,2.282578869779859794e-04,2.373491864374840021e-04,2.460867340738651316e-04,2.543866640133070670e-04,2.621557426583441368e-04,2.692891137071304385e-04,2.756673822922278781e-04,2.811528837905169606e-04,2.855849512550708838e-04,2.887739577766772854e-04,2.904938653920661790e-04,2.904729592973788444e-04,2.883823838639917045e-04,2.838220239460358899e-04,2.763031897752180966e-04,2.652274648441961080e-04,2.498609620264714750e-04,2.293031022114186467e-04,2.024488804525722966e-04,1.679434156826531085e-04,1.241273903325198320e-04,6.897177497107640745e-05,0.000000000000000000e+00
0.000000000000000000e+00,5.121058726300100355e-07,1.138445137089750256e-06,1.893773822626979390e-06,2.793795284388354106e-06,3.855104518722797170e-06,5.095113593971851092e-06,6.531957305110013398e-06,8.184378434464459776e-06,1.007159231285440077e-05,1.221313072173855170e-05,1.462866555188604674e-05,1.733781303101578932e-05,2.035991974397162622e-05,2.371383208549501716e-05,2.741765119781536914e-05,3.148847584268162390e-05,3.594213602913193077e-05,4.079292055287936543e-05,4.605330188909988762e-05,5.173366210596025579e-05,5.784202361975451464e-05,6.438378868242806453e-05,7.136149146700550305e-05,7.877456648445309783e-05,8.661913681504181789e-05,9.488782525612313732e-05,1.035695909633347565e-04,1.126495934791612533e-04,1.221090851849505302e-04,1.319253321604270607e-04,1.420715621648450185e-04,1.525169369371746019e-04,1.632265442129802752e-04,1.741614027277595491e-04,1.852784709638344296e-04,1.965306474295848416e-04,2.078667467474945064e-04,2.192314316614293543e-04,2.305650761182209782e-04,2.418035286675498301e-04,2.528777383541090120e-04,2.637131968006352508e-04,2.742291400025125871e-04,2.843374411185864946e-04,2.939411108253696977e-04,3.029323041030312284e-04,3.111897110548355813e-04,3.185751838438929950e-04,3.249294212724409821e-04,3.300664960240301256e-04,3.337669661085366926e-04,3.357692604348031483e-04,3.357589673935655020e-04,3.333555834403140964e-04,3.280961943746699486e-04,3.194154636603993851e-04,3.066211879723187311e-04,2.888645483974394972e-04,2.651040345636104930e-04,2.340618466977729365e-04,1.941713856701033649e-04,1.435142221860581484e-04,7.974469260527853665e-05,0.000000000000000000e+00
0.000000000000000000e+00,5.880030123530158485e-07,1.307171807934072427e-06,2.174452681640715498e-06,3.207880874349216540e-06,4.426516862418974114e-06,5.850360979659770839e-06,7.500245345218221362e-06,9.397702384539470205e-06,1.156480958819840757e-05,1.402401055024750414e-05,1.679791275754645075e-05,1.990906305667581913e-05,2.337970219654493344e-05,2.723150032256736318e-05,3.148527577116699784e-05,3.616069996943678213e-05,4.127599167140425494e-05,4.684760414652533553e-05,5.288990926441856775e-05,5.941488267905678305e-05,6.643179449223791011e-05,7.394690985682570491e-05,8.196320395170554152e-05,9.048009560934785957e-05,9.949320358978120066e-05,1.089941290576025839e-04,1.189702672163586673e-04,1.294046502705761110e-04,1.402758229008685485e-04,1.515577502294252138e-04,1.632197567946419927e-04,1.752264933112517985e-04,1.875379259244831808e-04,2.001093402215053647e-04,2.128913493755517556e-04,2.258298923861161022e-04,2.388662043408265807e-04,2.519367358348028338e-04,2.649729929856019846e-04,2.779012626849003561e-04,2.906421795982475423e-04,3.031100816783277737e-04,3.152120892537775901e-04,3.268468286860857835e-04,3.379027046653390511e-04,3.482556048674245448e-04,3.577658962471859101e-04,3.662745429096855073e-04,3.735981403785938910e-04,3.795226191277185782e-04,3.837953202775321233e-04,3.861150870533194401e-04,3.861199454726984854e-04,3.833718651443932175e-04,3.773379942405968575e-04,3.673676497491000720e-04,3.526642130167519529e-04,3.322509293043547944e-04,3.049294365286037449e-04,2.692296505965419791e-04,2.233494109586148409e-04,1.650820387607452536e-04,9.172968030487951667e-05,0.000000000000000000e+00
0.000000000000000000e+00,6.717679251027556610e-07,1.493389873623861123e-06,2.484230283141441081e-06,3.664899140101313722e-06,5.057179467236875090e-06,6.683930075620130196e-06,8.568962405175381062e-06,1.073689063496808769e-05,1.321295465228826457e-05,1.602281592207828372e-05,1.919232678849352143e-05,2.274727425961927150e-05,2.671309986439569697e-05,3.111459771608981258e-05,3.597559345649837376e-05,4.131860727582149372e-05,4.716450469043002289e-05,5.353213919966350959e-05,6.043799131813404357e-05,6.789580877643774850e-05,7.591625288535355017e-05,8.450655615128433438e-05,9.367019619866400750e-05,1.034065908831050239e-04,1.137108191516930037e-04,1.245733717079632117e-04,1.359799348514840870e-04,1.479112099665641825e-04,1.603427700095617860e-04,1.732449529638846399e-04,1.865827905648645185e-04,2.003159686050205268e-04,2.143988127661169984e-04,2.287802911283441036e-04,2.434040212042403112e-04,2.582082654423320739e-04,2.731258945264512144e-04,2.880842923168984719e-04,3.030051697606276641e-04,3.178042473205228754e-04,3.323907561714379731e-04,3.466666972590467014e-04,3.605257839263914066e-04,3.738519777151709457e-04,3.865175075886851264e-04,3.983802395449124881e-04,4.092802356218442315e-04,4.190353077470670355e-04,4.274353317143164861e-04,4.342350385946540489e-04,4.391449437603872586e-04,4.418200058975189589e-04,4.418455282151329921e-04,4.387197196635828078e-04,4.318322233201694806e-04,4.204377900201381347e-04,4.036241255185993629e-04,3.802727666178807968e-04,3.490116434403729598e-04,3.081577591207672068e-04,2.556481626020547888e-04,1.889571032886278815e-04,1.049969369488832748e-04,0.000000000000000000e+00
0.000000000000000000e+00,7.637472158482641647e-07,1.697870026918529500e-06,2.824389117417961447e-06,4.166743034795677652e-06,5.749706077152199224e-06,7.599278080883467568e-06,9.742544767221981687e-06,1.220750771168099260e-05,1.502288346288317174e-05,1.821787185072189892e-05,2.182189408020012418e-05,2.586430179674197716e-05,3.037405891970337279e-05,3.537939866012700606e-05,4.090745875207733450e-05,4.698389851864499269e-05,5.363250194759080949e-05,6.087477145066318433e-05,6.872951740758488810e-05,7.721244893310785686e-05,8.633577153593192336e-05,9.610779744429670589e-05,1.065325743373709048e-04,1.176095380268493690e-04,1.293331942617483195e-04,1.416928342629280929e-04,1.546722878127133449e-04,1.682497167073789186e-04,1.823974501013355385e-04,1.970818617022158134e-04,2.122632868802309394e-04,2.278959754894706801e-04,2.439280735089464610e-04,2.603016234292232847e-04,2.769525695513959146e-04,2.938107499225688481e-04,3.107998513733003674e-04,3.278372978831115545e-04,3.448340350770188979e-04,3.616941647998247436e-04,3.783143731214707152e-04,3.945830824274786336e-04,4.103792429992220853e-04,4.255706611580721988e-04,4.400117390034263506e-04,4.535404742711792933e-04,4.659745370013825645e-04,4.771062015132291538e-04,4.866958664652945750e-04,4.944638411807252259e-04,5.000800114082769613e-04,5.031509205459764201e-04,5.032037111524003412e-04,4.996662641940846422e-04,4.918427476241079514e-04,4.788836390914890826e-04,4.597491172514890818e-04,4.331645196189838425e-04,3.975663395209165030e-04,3.510369779094968607e-04,2.912261752926162037e-04,2.152567229446139367e-04,1.196116896501960041e-04,0.000000000000000000e+00
0.000000000000000000e+00,8.642381086421613869e-07,1.921273203686683281e-06,3.196029152846316629e-06,4.715036360783837021e-06,6.506339244219743557e-06,8.599371936488230681e-06,1.102480069872122874e-05,1.381433197222723137e-05,1.700048552869910386e-05,2.061633275469188732e-05,2.469520073527075506e-05,2.927034346769867191e-05,3.437458222644924259e-05,4.003991780090580550e-05,4.629711802055056110e-05,5.317528465173024498e-05,6.070140437672325538e-05,6.889988913066669466e-05,7.779211155535065364e-05,8.739594171119587952e-05,9.772529145011906089e-05,1.087896729727731888e-04,1.205937780541842881e-04,1.331370842024376345e-04,1.464134935957312053e-04,1.604110100030043447e-04,1.751114580101370978e-04,1.904902477227214870e-04,2.065161866693544931e-04,2.231513388529580814e-04,2.403509287514798444e-04,2.580632855039147796e-04,2.762298194712497156e-04,2.947850197576478738e-04,3.136564570184145338e-04,3.327647708474337231e-04,3.520236150773957276e-04,3.713395272547361176e-04,3.906116801374919173e-04,4.097314630257541698e-04,4.285818287264541414e-04,4.470363275592741320e-04,4.649577325255264569e-04,4.821961389851364991e-04,4.985863972030488535e-04,5.139447060909952542e-04,5.280641603934776518e-04,5.407090002957684041e-04,5.516072606354408209e-04,5.604414550522895336e-04,5.668368567813959714e-04,5.703468504303090773e-04,5.704347258107133776e-04,5.664511633244496015e-04,5.576065179315297911e-04,5.429368425684699033e-04,5.212623991104660143e-04,4.911371825714715015e-04,4.507877292088783043e-04,3.980391886663243051e-04,3.302263116518975726e-04,2.440866357949290140e-04,1.356327418723370863e-04,0.000000000000000000e+00
0.000000000000000000e+00,9.734787374556731566e-07,2.164128999162856919e-06,3.600031932922227077e-06,5.311080805777375073e-06,7.328877248527489650e-06,9.686591744978191181e-06,1.241878664461707943e-05,1.556120049107342205e-05,1.915049304528508158e-05,2.322395103394590165e-05,2.781915536035078370e-05,3.297361126368249723e-05,3.872434368941880014e-05,4.510746092125682348e-05,5.215769030542990591e-05,5.990789065180821297e-05,6.838854660191783137e-05,7.762725089040218391e-05,8.764818097142497780e-05,9.847157691279280608e-05,1.101132277558658783e-04,1.225839736763909265e-04,1.358892312380748980e-04,1.500285487848097171e-04,1.649951985462961863e-04,1.807758113118702957e-04,1.973500585333802092e-04,2.146903854220775197e-04,2.327617969747217889e-04,2.515216968627424169e-04,2.709197766998208863e-04,2.908979503115969689e-04,3.113903241967456059e-04,3.323231913043603564e-04,3.536150304494015129e-04,3.751764880097451503e-04,3.969103118252828729e-04,4.187111992410396787e-04,4.404655117425587750e-04,4.620507973041416364e-04,4.833350480202562214e-04,5.041756043466282325e-04,5.244175977731767736e-04,5.438918003077000077e-04,5.624117209610024525e-04,5.797697555394794484e-04,5.957321553546957634e-04,6.100325316534775796e-04,6.223635541573283329e-04,6.323664323595857249e-04,6.396176852116268984e-04,6.436126063407501818e-04,6.437447155365498466e-04,6.392803502272392368e-04,6.293273901154492226e-04,6.127969209219757008e-04,5.883564260026688530e-04,5.543728440753976005e-04,5.088435440456299782e-04,4.493129407178087149e-04,3.727721051099280869e-04,2.755383077795897141e-04,1.531109714788827202e-04,0.000000000000000000e+00
0.000000000000000000e+00,1.091638414149738978e-06,2.426814033002554415e-06,4.037024587085385147e-06,5.955802849693084993e-06,8.218600835929742464e-06,1.086263394296968466e-05,1.392668309411224868e-05,1.745085352342545378e-05,2.147628949376878955e-05,2.604484497002958383e-05,3.119871106012001342e-05,3.698000187468267533e-05,4.343030132613011341e-05,5.059017426999675056e-05,5.849864626609472455e-05,6.719265708154603732e-05,7.670649384908881385e-05,8.707121050792380296e-05,9.831404076603289109e-05,1.104578123073528414e-04,1.235203702993862976e-04,1.375140184117979228e-04,1.524449855093724926e-04,1.683129259084103786e-04,1.851104605587245615e-04,2.028227657073835568e-04,2.214272144868309716e-04,2.408930754175580755e-04,2.611812699881478107e-04,2.822441892307952756e-04,3.040255664970748666e-04,3.264604003937212045e-04,3.494749179831624212e-04,3.729865637905816129e-04,3.969039947658387036e-04,4.211270549714724509e-04,4.455466962164584058e-04,4.700448018927629945e-04,4.944938606061276319e-04,5.187564234659682288e-04,5.426842636753425025e-04,5.661171388119560577e-04,5.888810342786641918e-04,6.107857400657735027e-04,6.316215813031657213e-04,6.511550850207648922e-04,6.691233198301392441e-04,6.852265904331330919e-04,6.991191032747035667e-04,7.103971413620550727e-04,7.185841930844265703e-04,7.231123693281424347e-04,7.232993125501925970e-04,7.183196477349065422e-04,7.071698450344633072e-04,6.886251538775895993e-04,6.611870247357276098e-04,6.230191537765158733e-04,5.718699635349931351e-04,5.049789658786251302e-04,4.189640386756240324e-04,3.096861820515896127e-04,1.720878022221481612e-04,0.000000000000000000e+00
0.000000000000000000e+00,1.218808062342016979e-06,2.709530682695032226e-06,4.507344453079358755e-06,6.649701571155465197e-06,9.176201192751376248e-06,1.212841610139608749e-05,1.554967252320067558e-05,1.948478155442801590e-05,2.397972139943305782e-05,2.908127042863176335e-05,3.483659194712153824e-05,4.129277249897883763e-05,4.849631650182941530e-05,5.649260099030579388e-05,6.532529522260667140e-05,7.503575084691463436e-05,8.566236920788989511e-05,9.723995317081751135e-05,1.097990515245986308e-04,1.233653045666957928e-04,1.379587998453575450e-04,1.535934472090225720e-04,1.702763822618433482e-04,1.880074070197946764e-04,2.067784759752819388e-04,2.265732348798431826e-04,2.473666183126125933e-04,2.691245104814350437e-04,2.918034716635504316e-04,3.153505301860260986e-04,3.397030368151353146e-04,3.647885747980120891e-04,3.905249144913703827e-04,4.168199964112105616e-04,4.435719205070046849e-04,4.706689123324145720e-04,4.979892283385917466e-04,5.254009524908089673e-04,5.527616244780317063e-04,5.799176255477394735e-04,6.067032309668748524e-04,6.329392176932759550e-04,6.584308913290687088e-04,6.829653669677865661e-04,7.063079031302437524e-04,7.281970454184389556e-04,7.483382854054079422e-04,7.663958789974835342e-04,7.819823951781626221e-04,7.946454785219364504e-04,8.038512047126862136e-04,8.089632847710539598e-04,8.092172277329354700e-04,8.036883997639620528e-04,7.912527164879593414e-04,7.705384707413017072e-04,7.398675259317835391e-04,6.971837914626238288e-04,6.399665370744640628e-04,5.651256934371183625e-04,4.688758232651937547e-04,3.465849276995119780e-04,1.925936747917844519e-04,0.000000000000000000e+00
0.000000000000000000e+00,1.354991019338583715e-06,3.012286634701725241e-06,5.011005058173735241e-06,7.392798455771419777e-06,1.020171067757541210e-05,1.348398536140509322e-05,1.728782198564731901e-05,2.166307815477457892e-05,2.666091721060667247e-05,3.233340116273947847e-05,3.873302990879411335e-05,4.591222875201121293e-05,5.392278729998002771e-05,6.281525392097261440e-05,7.263829101807269559e-05,8.343799742868880393e-05,9.525720523920747822e-05,1.081347591914355800e-04,1.221047876183548628e-04,1.371959744504547924e-04,1.534308422493327502e-04,1.708250564212248615e-04,1.893867607085528094e-04,2.091159537212286524e-04,2.300039156194817096e-04,2.520326930631949574e-04,2.751746491636280633e-04,2.993920833725690982e-04,3.246369239763799994e-04,3.508504930749323280e-04,3.779633405539212579e-04,4.058951395246550970e-04,4.345546309102160253e-04,4.638395991785316760e-04,4.936368545084060793e-04,5.238221887327767622e-04,5.542602629963889853e-04,5.848043738977731689e-04,6.152960315940950555e-04,6.455642674863613494e-04,6.754245701282671774e-04,7.046773252569380440e-04,7.331056085363469189e-04,7.604721467881910783e-04,7.865152240366879649e-04,8.109432612876504290e-04,8.334277420454501255e-04,8.535940873382943115e-04,8.710100023879768305e-04,8.851707196383172636e-04,8.954804469368543183e-04,9.012291921995699805e-04,9.015639734850195656e-04,8.954532323281704214e-04,8.816430443785520368e-04,8.586034605127151930e-04,8.244630090894224626e-04,7.769290412090780213e-04,7.131912010641966058e-04,6.298048482661647513e-04,5.225507443934177725e-04,3.862667386793793467e-04,2.146465456553803676e-04,0.000000000000000000e+00
0.000000000000000000e+00,1.500094417327137058e-06,3.334875722758234097e-06,5.547664239962657847e-06,8.184590357548591073e-06,1.129443789819862230e-05,1.492843260372607905e-05,1.913997304019404694e-05,2.398430200809722725e-05,2.951811743598864516e-05,3.579912273000864490e-05,4.288551763113586466e-05,5.083543177764779885e-05,5.970630435991079656e-05,6.955421446284252326e-05,8.043316789016576637e-05,9.239434742364932150e-05,1.054853345579203320e-04,1.197493117338805117e-04,1.352242549372017523e-04,1.519421271983330463e-04,1.699280839923324475e-04,1.891997017560806567e-04,2.097662406825201757e-04,2.316279525817893647e-04,2.547754438820729159e-04,2.791891027417734220e-04,3.048385977196977768e-04,3.316824534575318049e-04,3.596677063188507759e-04,3.887296398421834524e-04,4.187915961308920007e-04,4.497648548321927825e-04,4.815485660427049953e-04,5.140297171826064280e-04,5.470831064348479888e-04,5.805712865377414458e-04,6.143444322844460442e-04,6.482400726941109446e-04,6.820826140732020974e-04,7.156825625874501870e-04,7.488353339124728626e-04,7.813195122954050362e-04,8.128943910635139146e-04,8.432965902105877577e-04,8.722355029330587650e-04,8.993872704074448894e-04,9.243869209794261001e-04,9.468182342738258031e-04,9.662008002266034724e-04,9.819736350439684999e-04,9.934745876117082562e-04,9.999146175389257794e-04,1.000345846071956993e-03,9.936220694274939137e-04,9.783501761844047486e-04,9.528306214456363750e-04,9.149847754990218579e-04,8.622665785014572287e-04,7.915554901372634511e-04,6.990272193385927129e-04,5.799981495809191289e-04,4.287387364053099007e-04,2.382504433814914787e-04,0.000000000000000000e+00
0.000000000000000000e+00,1.653921358690152842e-06,3.676860530919730477e-06,6.116595201001690546e-06,9.024006784824523429e-06,1.245290874944665836e-05,1.645981448583673585e-05,2.110364174861603784e-05,2.644535153425508635e-05,3.254752025089268470e-05,3.947384512581601529e-05,4.728858398377671301e-05,5.605593178988590899e-05,6.583933766028652224e-05,7.670076737424832687e-05,8.869991774191695211e-05,1.018933904593657220e-04,1.163338342816043843e-04,1.320690654281288018e-04,1.491411770668675302e-04,1.675856494629355685e-04,1.874304728902174218e-04,2.086952956482829346e-04,2.313906094662776221e-04,2.555169841708473683e-04,2.810643627075883879e-04,3.080114263941385465e-04,3.363250386039783068e-04,3.659597728847891656e-04,3.968575287482614005e-04,4.289472349641029140e-04,4.621446360706698208e-04,4.963521528810598427e-04,5.314588018962541037e-04,5.673401515855927644e-04,6.038582852715923500e-04,6.408617306261724664e-04,6.781853042568021387e-04,7.156498061721201136e-04,7.530614826215292941e-04,7.902111563558783048e-04,8.268729000915905425e-04,8.628021010734166418e-04,8.977327311533161037e-04,9.313735965780106131e-04,9.634032933323679899e-04,9.934635358009851619e-04,1.021150456790216512e-03,1.046003393393729478e-03,1.067490573243505981e-03,1.084990996454701173e-03,1.097771666743920047e-03,1.104959157062934249e-03,1.105504296510893304e-03,1.098138531721567623e-03,1.081320242431326080e-03,1.053168972240623238e-03,1.011385166145794016e-03,9.531525805559187391e-04,8.750200435622525544e-04,7.727586877898313987e-04,6.411901503781230723e-04,4.739805305933125442e-04,2.633941127719305938e-04,0.000000000000000000e+00
0.000000000000000000e+00,1.816164097498316012e-06,4.037557232711491551e-06,6.716661281208742000e-06,9.909372666839890020e-06,1.367481500654532440e-05,1.807508545355085053e-05,2.317493144379347215e-05,2.904135548829707542e-05,3.574314672845021085e-05,4.335033916759126638e-05,5.193359779254538323e-05,6.156353518001650730e-05,7.230996261816477358e-05,8.424108123275786094e-05,9.742262005616245113e-05,1.119169293796245867e-04,1.277820390460963841e-04,1.450706925320488429e-04,1.638293686909623830e-04,1.840973038466660989e-04,2.059055274893306046e-04,2.292759250986613337e-04,2.542203415555762368e-04,2.807397381630615018e-04,3.088234154356729036e-04,3.384483124901904445e-04,3.695783920288690750e-04,4.021641174979326012e-04,4.361420259661500601e-04,4.714343965292325310e-04,5.079490095182341266e-04,5.455789863670792821e-04,5.842026935429917283e-04,6.236836862982325300e-04,6.638706589551105278e-04,7.045973577302313455e-04,7.456823994169009279e-04,7.869289241783384561e-04,8.281239927682760606e-04,8.690376170889082055e-04,9.094212873873143508e-04,9.490058286954164857e-04,9.874983822709276510e-04,1.024578263526372763e-03,1.059891394731277050e-03,1.093042946860711163e-03,1.123587748259213381e-03,1.151017925873212789e-03,1.174747134885624879e-03,1.194090601469357908e-03,1.208240047437426782e-03,1.216232380732636641e-03,1.216910817436239875e-03,1.208876844297513634e-03,1.190431130282451752e-03,1.159501145525105269e-03,1.113552840268342177e-03,1.049483268677298868e-03,9.634905066031456159e-04,8.509166025531324533e-04,7.060586119800773674e-04,5.219419922679523162e-04,2.900497767498104278e-04,0.000000000000000000e+00
0.000000000000000000e+00,1.986398428728842167e-06,4.416023114372714336e-06,7.346295193082184329e-06,1.083837769976040261e-05,1.495697198967022587e-05,1.977004172919209828e-05,2.534846083312614033e-05,3.176558274728915650e-05,3.909672964573004527e-05,4.741860141632424542e-05,5.680860572677975820e-05,6.734411197041970944e-05,7.910163345825263611e-05,9.215594381750501348e-05,1.065791351400798963e-04,1.224396269574407005e-04,1.398011365589363851e-04,1.587216224745491061e-04,1.792522140652680861e-04,2.014361410589159455e-04,2.253076774901873803e-04,2.508911148047442640e-04,2.781997788222474949e-04,3.072351047756612325e-04,3.379857837064473508e-04,3.704269920477927980e-04,4.045197142175158524e-04,4.402101654098453955e-04,4.774293184533877636e-04,5.160925345118409346e-04,5.560992924485653674e-04,5.973330057383059027e-04,6.396609087433892523e-04,6.829339857956050197e-04,7.269869066114360932e-04,7.716379198338051918e-04,8.166886425853848433e-04,8.619236674002165883e-04,9.071098882341554082e-04,9.519954237821775037e-04,9.963079882503002652e-04,1.039752526072479973e-03,1.082007886662978129e-03,1.122722266760732904e-03,1.161507089603023126e-03,1.197928920115295167e-03,1.231498931244731426e-03,1.261659335850822457e-03,1.287766078144335488e-03,1.309066935045145267e-03,1.324674007047949107e-03,1.333529375791819285e-03,1.334362466572636390e-03,1.325637373072079909e-03,1.305488072693241231e-03,1.271639077776482709e-03,1.221308623994834695e-03,1.151090985605923277e-03,1.056813921212630030e-03,9.333665868142532575e-04,7.744924994401961200e-04,5.725412899091086340e-04,3.181720443199986554e-04,0.000000000000000000e+00
0.000000000000000000e+00,2.164079467009407901e-06,4.811047186292796460e-06,8.003483391790560522e-06,1.180805326327924055e-05,1.629528666675373585e-05,2.153927908224741568e-05,2.761730975107395546e-05,3.460937418212530744e-05,4.259762942715719696e-05,5.166575195134849217e-05,6.189820946616297079e-05,7.337944972983016204e-05,8.619301102487145184e-05,1.004205607558723910e-04,1.161408703340560141e-04,1.334287361847660586e-04,1.523538582837191983e-04,1.729796890498624951e-04,1.953622666476055570e-04,2.195490477290524623e-04,2.455777553272943327e-04,2.734752579444094502e-04,3.032564958119889163e-04,3.349234697868557842e-04,3.684643073280230983e-04,4.038524184285042021e-04,4.410457521889578651e-04,4.799861618547230464e-04,5.205988825196000876e-04,5.627921212417251028e-04,6.064567539141003201e-04,6.514661167559827708e-04,6.976758725818481711e-04,7.449239228629494537e-04,7.930303257741204773e-04,8.417971676055336500e-04,8.910083197302257930e-04,9.404289952766059111e-04,9.898049981736688815e-04,1.038861531596524694e-03,1.087301402166569080e-03,1.134802419496519846e-03,1.181013746544598564e-03,1.225550903236929425e-03,1.267989062132668550e-03,1.307854198421700082e-03,1.344611564778105907e-03,1.377650851661390728e-03,1.406267262237063768e-03,1.429637574376817037e-03,1.446790075883698946e-03,1.456567038324775619e-03,1.457578134254262827e-03,1.448142896251008657e-03,1.426219957648227482e-03,1.389320397235042697e-03,1.334402026358110513e-03,1.257740899370519277e-03,1.154775689930044764e-03,1.019919849248728406e-03,8.463356417835797649e-04,6.256632340163024737e-04,3.476969897504682554e-04,0.000000000000000000e+00
0.000000000000000000e+00,2.348538965814942511e-06,5.221144218108207579e-06,8.685756138028245845e-06,1.281475773052972708e-05,1.768473732927638563e-05,2.337616588134019312e-05,2.997298448101487467e-05,3.756209901835164101e-05,4.623278018091645349e-05,5.607596857892089924e-05,6.718348643094867252e-05,7.964715902102591227e-05,9.355785098349672191e-05,1.090044243509698382e-04,1.260726271691064927e-04,1.448439232932379481e-04,1.653942756858462176e-04,1.877928970787659741e-04,2.121009831960526818e-04,2.383704447984286493e-04,2.666426555532905112e-04,2.969472331005170666e-04,3.293008706186676348e-04,3.637062356430444555e-04,4.001509517896303415e-04,4.386066773377123615e-04,4.790282922553356498e-04,5.213532021449647285e-04,5.655007636611319739e-04,6.113718311123257556e-04,6.588484180914075958e-04,7.077934609419385533e-04,7.580506624879535145e-04,8.094443845150563893e-04,8.617795457205262941e-04,9.148414679119485585e-04,9.683955967083638598e-04,1.022187003366117420e-03,1.075939550974954828e-03,1.129354580366731184e-03,1.182108937698717142e-03,1.233852125666366328e-03,1.284202312285651244e-03,1.332740873514249224e-03,1.379005076699279728e-03,1.422478428644383466e-03,1.462578112286910858e-03,1.498638816438588013e-03,1.529892120163616831e-03,1.555440423022841096e-03,1.574224209925047333e-03,1.584981199444411137e-03,1.586195641345993336e-03,1.576035696290945844e-03,1.552276441307032587e-03,1.512205591173270899e-03,1.452508500584780583e-03,1.369128406853107683e-03,1.257097180026463127e-03,1.110331059129337052e-03,9.213849629687616153e-04,6.811579662325093106e-04,3.785414230447175631e-04,0.000000000000000000e+00
0.000000000000000000e+00,2.538984283544475757e-06,5.644552434000939530e-06,9.390183646968954523e-06,1.385417075126563689e-05,1.911936564076958549e-05,2.527283248360302295e-05,3.240540399897928200e-05,4.061113737878584552e-05,4.998666790874204530e-05,6.063045999366578485e-05,7.264195708796484163e-05,8.612063394481895759e-05,1.011649565887768953e-04,1.178712574445473936e-04,1.363325350728450489e-04,1.566371899215524412e-04,1.788677093433124754e-04,2.030993168026945799e-04,2.293986016393931326e-04,2.578221469096128918e-04,2.884151736365069560e-04,3.212102202026691916e-04,3.562258755534016431e-04,3.934655842884315631e-04,4.329165405399990865e-04,4.745486857022267538e-04,5.183138225209578745e-04,5.641448546979659778e-04,6.119551569206783470e-04,6.616380749949080532e-04,7.130665494089488297e-04,7.660928480400821779e-04,8.205483846400986802e-04,8.762435889692404226e-04,9.329677816943855858e-04,9.904889920610759554e-04,1.048553638435500241e-03,1.106885970529144191e-03,1.165187146773540190e-03,1.223133790058610927e-03,1.280375828855753826e-03,1.336533387371624353e-03,1.391192436325648001e-03,1.443898853430016860e-03,1.494150467560479995e-03,1.541386570449325638e-03,1.584974271595807754e-03,1.624190942592152517e-03,1.658201842307216369e-03,1.686031829899053286e-03,1.706529853390551400e-03,1.718324641866399898e-03,1.719769722929342156e-03,1.708875526960808647e-03,1.683225918452664182e-03,1.639876004192432606e-03,1.575227499988516525e-03,1.484877283311285788e-03,1.363434010156646097e-03,1.204296822480864330e-03,9.993892104507868385e-04,7.388400157100714211e-04,4.106023642931202295e-04,0.000000000000000000e+00
0.000000000000000000e+00,2.734499041384061729e-06,6.079234967969716842e-06,1.011337848912190987e-05,1.492129675257919843e-05,2.059228139449899582e-05,2.722017740518334786e-05,3.490290770666418544e-05,4.374188971674504846e-05,5.384134175836696252e-05,6.530747894292927846e-05,7.824760008471166959e-05,9.276906925751822388e-05,1.089781977446020641e-04,1.269790343136669981e-04,1.468720739200573167e-04,1.687528970486386717e-04,1.927107538903879047e-04,2.188271093527561768e-04,2.471741664610317148e-04,2.778133869576648765e-04,3.107940287837091193e-04,3.461517205667426667e-04,3.839070931781350844e-04,4.240644877939038319e-04,4.666107586305755207e-04,5.115141865603500902e-04,5.587235170631740799e-04,6.081671323636032118e-04,6.597523630322873860e-04,7.133649386933296321e-04,7.688685706346929521e-04,8.261046509038629578e-04,8.848920426805110054e-04,9.450269250971907609e-04,1.006282641910399237e-03,1.068409487111999156e-03,1.131134341223650249e-03,1.194160049026947966e-03,1.257164402102372951e-03,1.319798556866747657e-03,1.381684679700966078e-03,1.442412563904524759e-03,1.501534906989205210e-03,1.558560869308032093e-03,1.612947453928116875e-03,1.664088150313993656e-03,1.711298167653697551e-03,1.753795443891406755e-03,1.790676449530856059e-03,1.820885606246876436e-03,1.843176903852021412e-03,1.856066019108635430e-03,1.857770909471575648e-03,1.846138466643715195e-03,1.818554360749314539e-03,1.771832677360894032e-03,1.702081337524942711e-03,1.604538586084181158e-03,1.473375026822739201e-03,1.301454765550671532e-03,1.080048186426797513e-03,7.984877264105121053e-04,4.437567239331362138e-04,0.000000000000000000e+00
0.000000000000000000e+00,2.934045434595069073e-06,6.522884993724750964e-06,1.085150410091926986e-05,1.601047744701260755e-05,2.209567968963363100e-05,2.920788988751421567e-05,3.745228415790330953e-05,4.693781251604098185e-05,5.777645754731164726e-05,7.008237445376214376e-05,8.397091407869553155e-05,9.955753271056657229e-05,1.169565947582658675e-04,1.362800767258365298e-04,1.576361832420092464e-04,1.811278881603158573e-04,2.068514158768442488e-04,2.348946799499177179e-04,2.653356977821037517e-04,2.982410014716698247e-04,3.336640658888950436e-04,3.716437755131319623e-04,4.122029515093514752e-04,4.553469598575237863e-04,5.010624200020878313e-04,5.493160313861974575e-04,6.000535322949868654e-04,6.531988015635217370e-04,7.086531088053709153e-04,7.662945127655841626e-04,8.259774000515430906e-04,8.875321476681501814e-04,9.507648822594527704e-04,1.015457296462341863e-03,1.081366467967254412e-03,1.148224609329516520e-03,1.215738655754310723e-03,1.283589573334316999e-03,1.351431240748255259e-03,1.418888722247938199e-03,1.485555707676741591e-03,1.550990844830905675e-03,1.614712628964971820e-03,1.676192441588594210e-03,1.734845243456549025e-03,1.790017321936496859e-03,1.840970367382562456e-03,1.886861002839641159e-03,1.926714711851564401e-03,1.959392895202846218e-03,1.983551533260209925e-03,1.997589629655917819e-03,1.999585257102690170e-03,1.987216609170020833e-03,1.957664974236038649e-03,1.907495980332172582e-03,1.832514802559513352e-03,1.727590268298470014e-03,1.586441929760995257e-03,1.401383189243062379e-03,1.163012451442265241e-03,8.598430328385147856e-04,4.778611763864215795e-04,0.000000000000000000e+00
0.000000000000000000e+00,3.136468047180571949e-06,6.972934195547025982e-06,1.160028884973930076e-05,1.711541252831942140e-05,2.362086939378644522e-05,3.122448736152082108e-05,4.003881885598690831e-05,5.018047784529996069e-05,6.176935058442861867e-05,7.492767951003962215e-05,8.977902192618011879e-05,1.064470874619967845e-04,1.250544607257317482e-04,1.457212180719630985e-04,1.685634498842575248e-04,1.936917021908494518e-04,2.212093537103411434e-04,2.512109464982525248e-04,2.837804901618511816e-04,3.189897610568695344e-04,3.568966189015045283e-04,3.975433637659701305e-04,4.409551563448237338e-04,4.871385237183563583e-04,5.360799713804868588e-04,5.877447200722227304e-04,6.420755828240513712e-04,6.989919934804251405e-04,7.583891927436385875e-04,8.201375713024438002e-04,8.840821617456716625e-04,9.500422615110006887e-04,1.017811157846618565e-03,1.087155912373720217e-03,1.157817146963194222e-03,1.229508753823071489e-03,1.301917430367008832e-03,1.374701912897294091e-03,1.447491751527156013e-03,1.519885431033515637e-03,1.591447597193531779e-03,1.661705094071578735e-03,1.730141452833949519e-03,1.796189394766360562e-03,1.859220817636025912e-03,1.918533622295012222e-03,1.973334601864109531e-03,2.022717454789840601e-03,2.065634790720475428e-03,2.100862769005106337e-03,2.126956737457956839e-03,2.142195916864069426e-03,2.144514796774530177e-03,2.131418461934160569e-03,2.099878546976626653e-03,2.046205909973426197e-03,1.965895412737661378e-03,1.853437386938550958e-03,1.702089439650400016e-03,1.503601200045806769e-03,1.247883421754490468e-03,9.226115259889800663e-04,5.127521946799854565e-04,0.000000000000000000e+00
0.000000000000000000e+00,3.340498870284849516e-06,7.426563913845952170e-06,1.235504454467352173e-05,1.822918691849760144e-05,2.515831063253661548e-05,3.325736482139104338e-05,4.264635728731538619e-05,5.344965195710437409e-05,6.579513186374922489e-05,7.981322698486374213e-05,9.563580859988488644e-05,1.133949543144488405e-04,1.332215904957484800e-04,1.552440215126480740e-04,1.795863578181826066e-04,2.063668574836663840e-04,2.356961982224711261e-04,2.676756991536258234e-04,3.023955134743065926e-04,3.399328147579445806e-04,3.803500006920272213e-04,4.236929386369939579e-04,4.699892773446324242e-04,5.192468484395226401e-04,5.714521797567764837e-04,6.265691402557633811e-04,6.845377328985283606e-04,7.452730474886749574e-04,8.086643798923265347e-04,8.745745171672812549e-04,9.428391797412498821e-04,1.013266601699388094e-03,1.085637218211010432e-03,1.159703414829572378e-03,1.235189276445618385e-03,1.311790253570297533e-03,1.389172639770960968e-03,1.466972725721378372e-03,1.544795461547222382e-03,1.622212418818684641e-03,1.698758795301121048e-03,1.773929147773500728e-03,1.847171468886130543e-03,1.917879140797115441e-03,1.985380198410480451e-03,2.048923215155126591e-03,2.107658980557060129e-03,2.160616966919246245e-03,2.206675377111816990e-03,2.244523320941077538e-03,2.272613377184842538e-03,2.289102454724096809e-03,2.291778461016622838e-03,2.277969810394107203e-03,2.244434248515687642e-03,2.187222822327282608e-03,2.101514076124126173e-03,1.981412692627702692e-03,1.819705812310212171e-03,1.607569144049680919e-03,1.334213716279061997e-03,9.864627027710579435e-04,5.482461866836839826e-04,0.000000000000000000e+00
0.000000000000000000e+00,3.544763023646063097e-06,7.880717852170692126e-06,1.311068754062806626e-05,1.934430183217141522e-05,2.669765753140124331e-05,3.529285111597292015e-05,4.525737678667144726e-05,5.672338489970723196e-05,6.982679773602525996e-05,8.470628181581798112e-05,1.015020784288461455e-04,1.203546966807491757e-04,1.414034761023182291e-04,1.647850286752500833e-04,1.906315729300373137e-04,2.190691754994154416e-04,2.502159180894459678e-04,2.841800101814123333e-04,3.210578698200563944e-04,3.609321964942533833e-04,4.038700612908616215e-04,4.499210401162197443e-04,4.991154157468432641e-04,5.514624737042851752e-04,6.069489153593023026e-04,6.655374091636030720e-04,7.271652973825269099e-04,7.917434710472580827e-04,8.591554199327605581e-04,9.292564570477764106e-04,1.001873108215790842e-03,1.076802646611155212e-03,1.153812739321129861e-03,1.232641157795643988e-03,1.312995486002788972e-03,1.394552738708552519e-03,1.476958776898102928e-03,1.559827377156029022e-03,1.642738775845236504e-03,1.725237465973183991e-03,1.806828973257936172e-03,1.886975276353608120e-03,1.965088462363909563e-03,2.040522120160678625e-03,2.112559867667351127e-03,2.180400281679955275e-03,2.243137345909506416e-03,2.299735350018802370e-03,2.348996954060502372e-03,2.389522872698535225e-03,2.419661324888887528e-03,2.437445029433540130e-03,2.440513096261668399e-03,2.426014657846009212e-03,2.390490494449337699e-03,2.329728219855204015e-03,2.238585799304643707e-03,2.110777256731269369e-03,1.938613382382817305e-03,1.712689063479443368e-03,1.421507519897521107e-03,1.051030226286519360e-03,5.841396369622819766e-04,0.000000000000000000e+00
0.000000000000000000e+00,3.747784407708771559e-06,8.332114628294999065e-06,1.386175957811366728e-05,2.045270544085884493e-05,2.822780038761606738e-05,3.731626445735928405e-05,4.785305735463293543e-05,5.997809875174118718e-05,7.383533779634451248e-05,8.957167089573386505e-05,1.073357094413401078e-04,1.272764019074014896e-04,1.495415176537014221e-04,1.742760027234862143e-04,2.016202208865451768e-04,2.317080960601893285e-04,2.646651749686546105e-04,3.006066313913362698e-04,3.396352355163422378e-04,3.818393136701557955e-04,4.272907249474437470e-04,4.760428819269587426e-04,5.281288426389058044e-04,5.835595001532856369e-04,6.423218944923011434e-04,7.043776689325900470e-04,7.696616890472667699e-04,8.380808379239724484e-04,9.095129947471652975e-04,9.838061961907787305e-04,1.060777970639410154e-03,1.140214823908212560e-03,1.221871841575084602e-03,1.305472356915324131e-03,1.390707614293370436e-03,1.477236335165275135e-03,1.564684066893885393e-03,1.652642162530681795e-03,1.740666201535916949e-03,1.828273615824787483e-03,1.914940231003887418e-03,2.000095367343629818e-03,2.083115066694260324e-03,2.163312917545820273e-03,2.239927837619559280e-03,2.312108038072810314e-03,2.378890231296202935e-03,2.439172950389913337e-03,2.491682616982654041e-03,2.534930718547736411e-03,2.567160129357977209e-03,2.586278222388568079e-03,2.589773963597950639e-03,2.574615644971692090e-03,2.537125287554492254e-03,2.472825018758541271e-03,2.376249887336552308e-03,2.240720612113527264e-03,2.058068654594534964e-03,1.818304749285915185e-03,1.509220608715396801e-03,1.115911934671071255e-03,6.202091083827123482e-04,0.000000000000000000e+00
0.000000000000000000e+00,3.947990144337816191e-06,8.777257630062287045e-06,1.460244413341660643e-05,2.154581690119335542e-05,2.973689866238252714e-05,3.931195576080901419e-05,5.041333681937595857e-05,6.318865616078418702e-05,7.778981842217354802e-05,9.437188328480241814e-05,1.130917719583523085e-04,1.341068199669550318e-04,1.575731838257485589e-04,1.836441123094159503e-04,2.124680961268930930e-04,2.441869128517882691e-04,2.789335868330969077e-04,3.168302864382095099e-04,3.579861832694235875e-04,4.024952998533370941e-04,4.504343736351867997e-04,5.018607658219032030e-04,5.568104436116637097e-04,6.152960635256765664e-04,6.773051818184035481e-04,7.427986151789207426e-04,8.117089710340259345e-04,8.839393615959686978e-04,9.593623092193329267e-04,1.037818842472787960e-03,1.119117772388299572e-03,1.203035126374701804e-03,1.289313702968088952e-03,1.377662693558924251e-03,1.467757297013489197e-03,1.559238229110053746e-03,1.651711000213069297e-03,1.744744800718129284e-03,1.837870793419686634e-03,1.930579563744231177e-03,2.022317421130113459e-03,2.112481175763329493e-03,2.200410932049610101e-03,2.285380340822425020e-03,2.366583633047514811e-03,2.443118614800763016e-03,2.513964632031670966e-03,2.577954308821495642e-03,2.633737618456602047e-03,2.679736555762665326e-03,2.714088333978140199e-03,2.734574621236129845e-03,2.738533850768796584e-03,2.722753074608993962e-03,2.683335171333981958e-03,2.615536452025932213e-03,2.513568822321096078e-03,2.370359639142218151e-03,2.177261235578317917e-03,1.923700764228027625e-03,1.596759517430651606e-03,1.180669213806102890e-03,6.562108895601687520e-04,0.000000000000000000e+00
0.000000000000000000e+00,4.143712157991252775e-06,9.212438511416068225e-06,1.532657218143525690e-05,2.261453474772791048e-05,3.121239236895388171e-05,4.126332338433511953e-05,5.291692926129840970e-05,6.632838274781097674e-05,8.165740939507171116e-05,9.906710120841818426e-05,1.187225640240515908e-04,1.407894032489089519e-04,1.654320557836312384e-04,1.928119792080720026e-04,2.230857125711856333e-04,2.564028263113575295e-04,2.929037818524313328e-04,3.327177241832489645e-04,3.759602331393251725e-04,4.227310610666360977e-04,4.731118859599774910e-04,5.271641099311497915e-04,5.849267328732467254e-04,6.464143303424065273e-04,7.116151628702599994e-04,7.804894410359749807e-04,8.529677665447632593e-04,9.289497641452531358e-04,1.008302912317527280e-03,1.090861572096918928e-03,1.176426202950091792e-03,1.264762742026917563e-03,1.355602108050671948e-03,1.448639773179566858e-03,1.543535324877044496e-03,1.639911914549514651e-03,1.737355459684529696e-03,1.835413430508495321e-03,1.933593009626367138e-03,2.031358362298129900e-03,2.128126694240036268e-03,2.223262701053778118e-03,2.316070926116919199e-03,2.405785439076514858e-03,2.491556121501109326e-03,2.572430695682982257e-03,2.647331452280138851e-03,2.715025416928108608e-03,2.774086438790434803e-03,2.822847378015776090e-03,2.859340206043551290e-03,2.881221403477803901e-03,2.885679534662850387e-03,2.869321285000991754e-03,2.828031554406253926e-03,2.756802395270089266e-03,2.649524652546421735e-03,2.498735093415890667e-03,2.295310591015902076e-03,2.028099538242052278e-03,1.683479102478159517e-03,1.244825181629078499e-03,6.918799810512343438e-04,0.000000000000000000e+00
0.000000000000000000e+00,4.333183552745071272e-06,9.633729115470728005e-06,1.602760869667746105e-05,2.364921684791681015e-05,3.264097418133211226e-05,4.315277589217946744e-05,5.534127670951068969e-05,6.936900576619827537e-05,8.540330727541699306e-05,1.036151055955009066e-04,1.241774962199503844e-04,1.472641673950502729e-04,1.730476603848573247e-04,2.016974798036649016e-04,2.333780688424431536e-04,2.682466675437332687e-04,3.064510754383932816e-04,3.481273427517132921e-04,3.933974169162119229e-04,4.423667731914933334e-04,4.951220596835034403e-04,5.517287878704755935e-04,6.122290997731949643e-04,6.766396420433076634e-04,7.449495753718136286e-04,8.171187446214306285e-04,8.930760308326690178e-04,9.727179006018258668e-04,1.055907161117298565e-03,1.142471920178542459e-03,1.232204739582088045e-03,1.324861957064444500e-03,1.420163136201818381e-03,1.517790584859830903e-03,1.617388860439836554e-03,1.718564153633582534e-03,1.820883410872905714e-03,1.923873018158067053e-03,2.027016824256153323e-03,2.129753227903069535e-03,2.231470989828827998e-03,2.331503353998812429e-03,2.429119970839834722e-03,2.523516005324260517e-03,2.613797680982592100e-03,2.698963352934096414e-03,2.777879013884788743e-03,2.849246910972195405e-03,2.911565681704425621e-03,2.963080096483088326e-03,3.001718114764876863e-03,3.025012512227431144e-03,3.030003806747409191e-03,3.013120589944641957e-03,2.970032645931924321e-03,2.895471396371966655e-03,2.783011237043698637e-03,2.624804211670997683e-03,2.411259189784646130e-03,2.130655263702610491e-03,1.768677443762406562e-03,1.307860901783565672e-03,7.269279853301782767e-04,0.000000000000000000e+00
0.000000000000000000e+00,4.514526478461527344e-06,1.003695447227831704e-05,1.669860765834267578e-05,2.463961386339515649e-05,3.400849733526723796e-05,4.496160987402352124e-05,5.766239181221888423e-05,7.228045596976455573e-05,8.899049018714540464e-05,1.079709768310613087e-04,1.294027307290882196e-04,1.534672602739480776e-04,1.803449598822917947e-04,2.102131455265639725e-04,2.432439486017708391e-04,2.796020868541043095e-04,3.194425343911748340e-04,3.629081158144260855e-04,4.101270521593209555e-04,4.612104884912420150e-04,5.162500345755450084e-04,5.753153509078697816e-04,6.384518124429076034e-04,7.056782814809518843e-04,7.769850192426248567e-04,8.523317625575216935e-04,9.316459876768119069e-04,1.014821377343082514e-03,1.101716499741856384e-03,1.192153698618208472e-03,1.285918182429491479e-03,1.382757286630519750e-03,1.482379866693179279e-03,1.584455759806433070e-03,1.688615229837007797e-03,1.794448282377051999e-03,1.901503703723553089e-03,2.009287638392422918e-03,2.117261473002225551e-03,2.224838738525740378e-03,2.331380676132706331e-03,2.436190031881876883e-03,2.538502549669345403e-03,2.637475516894980613e-03,2.732172579478656625e-03,2.821543877690751382e-03,2.904400356565609194e-03,2.979380868430818799e-03,3.044910403401949930e-03,3.099147448686614785e-03,3.139918080313912428e-03,3.164633921491408815e-03,3.170190549152761272e-03,3.152842282307922149e-03,3.108048529489326924e-03,3.030285994024574641e-03,2.912820020593536417e-03,2.747427199833112066e-03,2.524060015150573783e-03,2.230442803774664029e-03,1.851586600483066817e-03,1.369208528216774370e-03,7.610392898201856753e-04,0.000000000000000000e+00
0.000000000000000000e+00,4.685726847307659693e-06,1.041763655711554498e-05,1.733211839704813282e-05,2.557473088813117865e-05,3.529978435137166881e-05,4.666975657141622359e-05,5.985453214471439504e-05,7.503045827722556690e-05,9.237921234962787628e-05,1.120864794455590839e-04,1.343404411998318953e-04,1.593300807167848804e-04,1.872433118710396230e-04,2.182649449608545700e-04,2.525745043555872806e-04,2.903439173729064075e-04,3.317350970407229450e-04,3.768974445400186265e-04,4.259652998800234742e-04,4.790553716153434644e-04,5.362641780618890731e-04,5.976655333890586608e-04,6.633081120415869857e-04,7.332131240552017953e-04,8.073721318506526775e-04,8.857450358891410082e-04,9.682582520065168355e-04,1.054803097156328112e-03,1.145234392503419706e-03,1.239369283110498734e-03,1.336986261599061284e-03,1.437824368839145080e-03,1.541582527555408321e-03,1.647918944268619195e-03,1.756450490649562974e-03,1.866751946438736671e-03,1.978354951705291707e-03,2.090746475306462255e-03,2.203366557646098574e-03,2.315605027612379491e-03,2.426796823955276131e-03,2.536215468002008758e-03,2.643064134700558523e-03,2.746463649194000409e-03,2.845436592523055159e-03,2.938886528007228580e-03,3.025571153976302097e-03,3.104067942574601554e-03,3.172730531173689576e-03,3.229633784337020662e-03,3.272505031055717665e-03,3.298638493790646397e-03,3.304789351276321650e-03,3.287043203549919017e-03,3.240655921751191271e-03,3.159857952541345136e-03,3.037616092557390932e-03,2.865344536956743529e-03,2.632555622870077962e-03,2.326439119436776032e-03,1.931357148790213522e-03,1.428239847507371775e-03,7.938646905032870635e-04,0.000000000000000000e+00
0.000000000000000000e+00,4.844589415928456948e-06,1.077089439086622910e-05,1.792001929154436960e-05,2.644258185527885831e-05,3.649828769573129432e-05,4.825533266160795458e-05,6.188962321114176699e-05,7.758380721624352013e-05,9.552611022907469456e-05,1.159089751990698960e-04,1.389275068785706985e-04,1.647777256470539314e-04,1.936546391530446175e-04,2.257501439441546493e-04,2.612507730446451504e-04,3.003353091531213871e-04,3.431722866698256138e-04,3.899174090167572995e-04,4.407109105729869396e-04,4.956748948968071411e-04,5.549106826277328073e-04,6.184962034344048017e-04,6.864834664763958070e-04,7.588961429528395678e-04,8.357272922882682175e-04,9.169372602181983817e-04,1.002451772335324941e-03,1.092160240376760820e-03,1.185914290486003459e-03,1.283526512650842244e-03,1.384769418238582109e-03,1.489374577705161826e-03,1.597031892755637053e-03,1.707388935999340973e-03,1.820050265879171250e-03,1.934576594624895680e-03,2.050483651277052333e-03,2.167240539333928611e-03,2.284267337922107378e-03,2.400931634916410057e-03,2.516543608121994593e-03,2.630349184053593255e-03,2.741520700101684853e-03,2.849144371512028675e-03,2.952203715546872220e-03,3.049557906660250832e-03,3.139913822931615899e-03,3.221790288911326270e-03,3.293472716031412527e-03,3.352955980386939511e-03,3.397872949468015193e-03,3.425405563658342947e-03,3.432174783212058218e-03,3.414105014065353227e-03,3.366257812302768122e-03,3.282628722588881200e-03,3.155900014998994779e-03,2.977140831803711495e-03,2.735444825526925101e-03,2.417493747610251209e-03,2.007033620741107034e-03,1.484248087790125074e-03,8.250112712218914688e-04,0.000000000000000000e+00
0.000000000000000000e+00,4.988664191724309308e-06,1.109128037911831704e-05,1.845324536449572392e-05,2.722978734460083222e-05,3.758553422119441514e-05,4.969390506308294378e-05,6.373631450092619795e-05,7.990118213172664463e-05,9.838274168484111471e-05,1.193796477234695833e-04,1.430933809827628956e-04,1.697264570238703348e-04,1.994804466467498124e-04,2.325538203767497491e-04,2.691396332341614494e-04,3.094230698164765698e-04,3.535788733666122207e-04,4.017686858570968032e-04,4.541383290752401287e-04,5.108150591287161047e-04,5.719048285826981454e-04,6.374895914640680249e-04,7.076246864978188913e-04,7.823363330448980957e-04,8.616192721534956947e-04,9.454345817738390523e-04,1.033707690364872936e-03,1.126326606668172923e-03,1.223140375144389242e-03,1.323957756232242581e-03,1.428546117927307181e-03,1.536630509857687087e-03,1.647892872651939618e-03,1.761971313453055375e-03,1.878459352314626766e-03,1.996905013159984595e-03,2.116809596052644186e-03,2.237625923562131750e-03,2.358755801600791093e-03,2.479546372535109105e-03,2.599284963558750033e-03,2.717191943750390647e-03,2.832410995933399168e-03,2.943996080848347487e-03,3.050894217041761908e-03,3.151923015336437900e-03,3.245741686038834152e-03,3.330813973515180104e-03,3.405361158806356064e-03,3.467302897869085736e-03,3.514183221026141550e-03,3.543078497319148389e-03,3.550483553555609014e-03,3.532171418664353801e-03,3.483021325218126941e-03,3.396808626471780994e-03,3.265949163213697961e-03,3.081189324122032835e-03,2.831231570444734010e-03,2.502283525981531011e-03,2.077516853766658237e-03,1.536420041866130718e-03,8.540268972107800888e-04,0.000000000000000000e+00
0.000000000000000000e+00,5.115131585229970362e-06,1.137252492366066436e-05,1.892136324338452287e-05,2.792094711490073844e-05,3.854025857874774925e-05,5.095734438095013511e-05,6.535850774618595020e-05,8.193730044867280227e-05,1.008933096606475177e-04,1.224307371349486534e-04,1.467567716691197191e-04,1.740797594489084353e-04,2.046071807123906502e-04,2.385434451342377342e-04,2.760875223145860605e-04,3.174304276708749526e-04,3.627525877682508853e-04,4.122211125722473639e-04,4.659870051485563952e-04,5.241823418466103621e-04,5.869174578607568547e-04,6.542781741364342213e-04,7.263231017474299986e-04,8.030810589786100588e-04,8.845486342658588847e-04,9.706879247225442230e-04,1.061424475058777954e-03,1.156645435097975426e-03,1.256197945611667657e-03,1.359887751591561068e-03,1.467478029075529886e-03,1.578688395900111488e-03,1.693194057848520758e-03,1.810625019085599589e-03,1.930565258883814098e-03,2.052551744662412577e-03,2.176073113317434585e-03,2.300567807524873248e-03,2.425421399699713952e-03,2.549962771821785972e-03,2.673458742256596549e-03,2.795106638433382876e-03,2.914024203718136845e-03,3.029236094383571092e-03,3.139656063918122748e-03,3.244063741975717566e-03,3.341074688158149255e-03,3.429102129732568283e-03,3.506308469503889406e-03,3.570544266489659481e-03,3.619271937744469609e-03,3.649470893430515044e-03,3.657520186618733963e-03,3.639054020766120667e-03,3.588784596728203120e-03,3.500285782026555607e-03,3.365729931784301222e-03,3.175568866934805334e-03,2.918148504996186110e-03,2.579244926938410211e-03,2.141507737504550011e-03,1.583794426041893084e-03,8.803770554143796863e-04,0.000000000000000000e+00
0.000000000000000000e+00,5.220628850470391152e-06,1.160715048973578945e-05,1.931192889921038396e-05,2.849769204403555025e-05,3.933709401061020246e-05,5.201209297838152077e-05,6.671313414302960704e-05,8.363812906152982927e-05,1.029912256418374396e-04,1.249813661170822907e-04,1.498206337835588362e-04,1.777223929883295177e-04,2.088992307585985293e-04,2.435607124922900806e-04,2.819109681878981429e-04,3.241461296824931339e-04,3.704516431822157604e-04,4.209994848950921495e-04,4.759453106911601611e-04,5.354255732947582006e-04,5.995546424296105664e-04,6.684219644571448874e-04,7.420892982369100242e-04,8.205880630557782886e-04,9.039168323746149232e-04,9.920390036737046849e-04,1.084880669675383812e-03,1.182328709499735507e-03,1.284229109657424647e-03,1.390385513958349029e-03,1.500557988125047083e-03,1.614461968794178755e-03,1.731767347237925855e-03,1.852097615011161387e-03,1.975028971176722575e-03,2.100089257974841004e-03,2.226756552791308262e-03,2.354457197824646759e-03,2.482562993466824654e-03,2.610387215285555913e-03,2.737179035440222546e-03,2.862115834747643549e-03,2.984292778294051970e-03,3.102708891732559784e-03,3.216248712805440217e-03,3.323658398023560025e-03,3.423514931809133657e-03,3.514186807812856844e-03,3.593784221580706081e-03,3.660096421196555767e-03,3.710513397731039428e-03,3.741928548849148689e-03,3.750618304127425768e-03,3.732093945695918839e-03,3.680919977873704698e-03,3.590492378743592727e-03,3.452768888737425389e-03,3.257942139698924953e-03,2.994044886331399292e-03,2.646474855297020062e-03,2.197424762452518995e-03,1.625200856017990254e-03,9.034109179402069175e-04,0.000000000000000000e+00
0.000000000000000000e+00,5.300993640727151056e-06,1.178590138385461615e-05,1.960953873712847060e-05,2.893728350508344767e-05,3.994463833924401475e-05,5.281660675687975602e-05,6.774687148209765255e-05,8.493676632686652118e-05,1.045940355999331798e-04,1.269313781732076148e-04,1.521647768055241364e-04,1.805116170675029233e-04,2.121886041609251546e-04,2.474094900021573144e-04,2.863826270514069025e-04,3.293083694176831286e-04,3.763763456444541825e-04,4.277626311669123970e-04,4.836268516062287534e-04,5.441092507020121871e-04,6.093277586501667786e-04,6.793750977747189512e-04,7.543159626805543902e-04,8.341843111665636201e-04,9.189808000766189026e-04,1.008670396771236882e-03,1.103180191845050742e-03,1.202397431904979027e-03,1.306167782445842498e-03,1.414293819863297105e-03,1.526533738129996634e-03,1.642600239269610771e-03,1.762159557054623037e-03,1.884830539787007075e-03,2.010183689928895286e-03,2.137740024911102214e-03,2.266969583648600125e-03,2.397289355892349375e-03,2.528060355029832732e-03,2.658583487469279739e-03,2.788093791077498815e-03,2.915752518611658146e-03,3.040636426493600192e-03,3.161723490825772784e-03,3.277874106762470024e-03,3.387806628982398000e-03,3.490065873952000707e-03,3.582982921867302727e-03,3.664624219524503183e-03,3.732727585690927535e-03,3.784622247450127302e-03,3.817129477884515214e-03,3.826439749526254919e-03,3.807961550264827091e-03,3.756136113788778944e-03,3.664211279210698082e-03,3.523966497727325838e-03,3.325379631258714840e-03,3.056224622629128123e-03,2.701587343772370465e-03,2.243284934560990998e-03,1.659171720437873938e-03,9.223123372581971740e-04,0.000000000000000000e+00
0.000000000000000000e+00,5.350891300751120949e-06,1.189691502815169117e-05,1.979445055716651404e-05,2.921057795231743318e-05,4.032264359637439380e-05,5.331763800568126328e-05,6.839137448579701666e-05,8.574745964066323562e-05,1.055960495205132292e-04,1.281523883412163370e-04,1.536351301885081151e-04,1.822644478796023716e-04,2.142599371244930057e-04,2.498383282303513753e-04,2.892110217342194517e-04,3.325814684310025708e-04,3.801424181760407585e-04,4.320730654671645077e-04,4.885361230266536698e-04,5.496748572803137906e-04,6.156101216359734793e-04,6.864374246603536763e-04,7.622240705006812873e-04,8.430064080502877718e-04,9.287872232638352994e-04,1.019533305526681630e-03,1.115173213899869941e-03,1.215595262203756624e-03,1.320645733049495302e-03,1.430127319822304278e-03,1.543797781959522705e-03,1.661368782282872034e-03,1.782504855190329002e-03,1.906822430638820684e-03,2.033888810377304079e-03,2.163220958986290538e-03,2.294283931918195650e-03,2.426488714654989783e-03,2.559189189769535498e-03,2.691677880229229741e-03,2.823180035461138587e-03,2.952845528799272548e-03,3.079737917724047723e-03,3.202819877944704328e-03,3.320934054343558511e-03,3.432778170796850232e-03,3.536873000745361512e-03,3.631521513986845241e-03,3.714757174338031379e-03,3.784278958282619783e-03,3.837370186019329384e-03,3.870797691767396010e-03,3.880687196871877159e-03,3.862369973094486545e-03,3.810194979323776408e-03,3.717299606752607656e-03,3.575330958719381488e-03,3.374108205086074220e-03,3.101214970826721238e-03,2.741508929190256561e-03,2.276533758311462090e-03,1.683816376828961136e-03,9.360298942788836986e-04,0.000000000000000000e+00
0.000000000000000000e+00,5.363279941491099477e-06,1.192453255928754733e-05,1.984060438750932532e-05,2.927910585116851372e-05,4.041798299149283318e-05,5.344490141208159314e-05,6.855643098085701260e-05,8.595702216067309430e-05,1.058577675957253034e-04,1.284749457122148959e-04,1.540283465585087070e-04,1.827393838579103149e-04,2.148290012091932401e-04,2.505153844672251286e-04,2.900114964781768875e-04,3.335224544304905207e-04,3.812427740045576646e-04,4.333535081437098722e-04,4.900193115028708734e-04,5.513854643299109402e-04,6.175748915646242856e-04,6.886852141634737089e-04,7.647858699327988964e-04,8.459153403320043667e-04,9.320785176376660507e-04,1.023244243376211955e-03,1.119343043859971718e-03,1.220265081802799452e-03,1.325858334123983760e-03,1.435926994913387265e-03,1.550230088818659122e-03,1.668480263455853450e-03,1.790342709385437433e-03,1.915434132181673523e-03,2.043321672471818534e-03,2.173521635691780772e-03,2.305497852663627306e-03,2.438659443681574258e-03,2.572357701052659876e-03,2.705881736100612146e-03,2.838452454242309988e-03,2.969214323166438456e-03,3.097224281137745013e-03,3.221436991167654293e-03,3.340685477694002332e-03,3.453655980184658185e-03,3.558855616540598614e-03,3.654571161185792699e-03,3.738816900114971548e-03,3.809269118628264873e-03,3.863184296537621690e-03,3.897297518592408253e-03,3.907696941832344319e-03,3.889669382454950201e-03,3.837511177439421276e-03,3.744297424582891144e-03,3.601601492183115726e-03,3.399155299590080233e-03,3.124439285917372366e-03,2.762189191215343436e-03,2.293804759417189271e-03,1.696643225889780037e-03,9.431779699942363128e-04,0.000000000000000000e+00
0.000000000000000000e+00,5.328650237760107163e-06,1.184760854921921240e-05,1.971280991952768506e-05,2.909092072106167978e-05,4.015892004881189384e-05,5.310349494173512131e-05,6.812023801186827606e-05,8.541263829834004736e-05,1.051908588766303939e-04,1.276702978418746198e-04,1.530699327081014077e-04,1.816104519697261488e-04,2.135121814915706987e-04,2.489928174513433411e-04,2.882649816648369737e-04,3.315336191798045002e-04,3.789932619211333772e-04,4.308251857912885185e-04,4.871944918530428706e-04,5.482471449176985799e-04,6.141070048979775523e-04,6.848728875228923081e-04,7.606156913100680771e-04,8.413756269019704399e-04,9.271595828420011072e-04,1.017938658430587746e-03,1.113645889282454012e-03,1.214174184407055971e-03,1.319374484830544095e-03,1.429054142709128717e-03,1.542975506241319947e-03,1.660854679098365018e-03,1.782360403105283288e-03,1.907112988964448181e-03,2.034683191237022550e-03,2.164590889745544693e-03,2.296303399002348495e-03,2.429233178941066218e-03,2.562734662592700430e-03,2.696099847535624559e-03,2.828552215705322764e-03,2.959238447767957580e-03,3.087217280512451114e-03,3.211444714768464399e-03,3.330754612699397300e-03,3.443833521666744835e-03,3.549188321072231297e-03,3.645105001566146998e-03,3.729596544641472066e-03,3.800337465682950520e-03,3.854582104612190065e-03,3.889063183765306686e-03,3.899866489759604496e-03,3.882276760894707961e-03,3.830588959091808798e-03,3.737878059646551187e-03,3.595719286740277180e-03,3.393849341164154650e-03,3.119757592943285529e-03,2.758194430591711863e-03,2.290581957873268851e-03,1.694309998935313553e-03,9.418979092875275679e-04,0.000000000000000000e+00
0.000000000000000000e+00,5.233953720857911425e-06,1.163712813573599543e-05,1.936278157657829016e-05,2.857474760910243719e-05,3.944703020849587145e-05,5.216321655143035390e-05,6.691569607120587495e-05,8.390467664963075086e-05,1.033369914624656088e-04,1.254246930076096419e-04,1.503834341874857967e-04,1.784306399375976614e-04,2.097834767279877681e-04,2.446566312375116937e-04,2.832599135255558804e-04,3.257957040049633550e-04,3.724562673473608425e-04,4.234209600137382994e-04,4.788533612782196929e-04,5.388983602749948445e-04,6.036792336159610807e-04,6.732947493638803639e-04,7.478163334623790176e-04,8.272853339740340612e-04,9.117104165083582228e-04,1.001065120869951619e-03,1.095285604047097593e-03,1.194268587996822738e-03,1.297869522041451840e-03,1.405900958815561527e-03,1.518131129284668078e-03,1.634282686029731209e-03,1.754031564306438463e-03,1.877005886796845541e-03,2.002784809799193922e-03,2.130897175021281408e-03,2.260819791136741037e-03,2.391975121587684976e-03,2.523728098254855029e-03,2.655381712728020760e-03,2.786170955775181361e-03,2.915254578565773351e-03,3.041704033073659805e-03,3.164488810104111420e-03,3.282457227118340971e-03,3.394311519277496553e-03,3.498575849860445335e-03,3.593555573461908181e-03,3.677285749174601884e-03,3.747466502241015782e-03,3.801382361227022971e-03,3.835802142245106888e-03,3.846855299591176239e-03,3.829879899680511089e-03,3.779236487683994370e-03,3.688081088255066621e-03,3.548089397143854191e-03,3.349122863137709259e-03,3.078825813916109735e-03,2.722141030535578377e-03,2.260729211021829301e-03,1.672275575016651241e-03,9.296644446268049599e-04,0.000000000000000000e+00
0.000000000000000000e+00,5.061102098472790402e-06,1.125287039725409501e-05,1.872358669943325810e-05,2.763178981689880676e-05,3.814588986850675717e-05,5.044360659599589775e-05,6.471122065204410552e-05,8.114262893996800757e-05,9.993819762092417307e-05,1.213034092982467850e-04,1.454473041024561533e-04,1.725807178850959371e-04,2.029143244236264747e-04,2.366564923703524080e-04,2.740109715622593423e-04,3.151744271521903428e-04,3.603338437226782107e-04,4.096638249918120589e-04,4.633238177989586204e-04,5.214552916444840491e-04,5.841789070243944785e-04,6.515917070160915899e-04,7.237643668985810743e-04,8.007385358875560672e-04,8.825243031836422364e-04,9.690978173121378176e-04,1.060399083002423791e-03,1.156329953423722995e-03,1.256752327243818501e-03,1.361486549456476271e-03,1.470310001933066183e-03,1.582955853835318893e-03,1.699111922943122646e-03,1.818419576070317255e-03,1.940472569407388371e-03,2.064815697038402485e-03,2.190943077043374168e-03,2.318295858309428036e-03,2.446259075964059802e-03,2.574157317428461648e-03,2.701248782317421191e-03,2.826717225205297845e-03,2.949661157558649410e-03,3.069079550259915488e-03,3.183853116819520580e-03,3.292720064572907199e-03,3.394244971047739434e-03,3.486779168531208267e-03,3.568410693959430009e-03,3.636901474835770639e-03,3.689608965109134140e-03,3.723388906822165754e-03,3.734475261759942835e-03,3.718332619097528859e-03,3.669475525990809235e-03,3.581248193220327308e-03,3.445556881915727305e-03,3.252545964488114290e-03,2.990207158057854066e-03,2.643909737946406949e-03,2.195837640391439492e-03,1.624317249059681421e-03,9.030173254856313850e-04,0.000000000000000000e+00
0.000000000000000000e+00,4.784878205003367964e-06,1.063876358842591543e-05,1.770191724730245711e-05,2.612432387709884198e-05,3.606533202431360909e-05,4.769312827956180366e-05,6.118403491644495474e-05,7.672162246153321741e-05,9.449563106204027956e-05,1.147006972373386890e-04,1.375348856235847231e-04,1.631980286012116007e-04,1.918898801754782564e-04,2.238080940922935092e-04,2.591460398366397669e-04,2.980904737910460424e-04,3.408190863302111183e-04,3.874979488910707459e-04,4.382788879749016783e-04,4.932968154934886567e-04,5.526670467441909419e-04,6.164826384636398239e-04,6.848117797370049031e-04,7.576952678941071412e-04,8.351440997632595146e-04,9.171372056271561964e-04,1.003619348768226621e-03,1.094499207421142841e-03,1.189647648060537799e-03,1.288896189002023546e-03,1.392035640999808154e-03,1.498814896543045755e-03,1.608939821470588803e-03,1.722072180833116983e-03,1.837828505010432678e-03,1.955778771176527181e-03,2.075444738359470860e-03,2.196297730422738619e-03,2.317755608905510117e-03,2.439178615112398262e-03,2.559863686101018342e-03,2.679036759836342374e-03,2.795842477852238453e-03,2.909330565833027037e-03,3.018438019539623849e-03,3.121966040704910687e-03,3.218550449392438770e-03,3.306624039485973714e-03,3.384369035169454074e-03,3.449657440196009488e-03,3.499976639124009054e-03,3.532337100145058455e-03,3.543158431210080908e-03,3.528129342424745317e-03,3.482036254771492517e-03,3.398554354020416526e-03,3.269993804644599766e-03,3.086992596999542891e-03,2.838146087741952317e-03,2.509561695362962953e-03,2.084325418735825247e-03,1.541864848829900027e-03,8.571911388718642978e-04,0.000000000000000000e+00
0.000000000000000000e+00,4.370043173657368185e-06,9.716453327404980694e-06,1.616738824644766234e-05,2.385990710781660211e-05,3.293964579842301589e-05,4.356034081354064763e-05,5.588319211863666651e-05,7.007605713433592940e-05,8.631247016596471037e-05,1.047704840700549700e-04,1.256313336990670399e-04,1.490779236506320352e-04,1.752931460167586109e-04,2.044580371196780451e-04,2.367497855628970327e-04,2.723396072384787615e-04,3.113905061266266511e-04,3.540549427064680859e-04,4.004724344666348934e-04,4.507671152548335387e-04,5.050452819264878790e-04,5.633929578289806426e-04,6.258735029708801037e-04,6.925253001507849105e-04,7.633595447275072629e-04,8.383581629631361347e-04,9.174718798118340624e-04,1.000618451492228363e-03,1.087681070979332719e-03,1.178506945461967569e-03,1.272906033572144277e-03,1.370649916490011529e-03,1.471470760480910345e-03,1.575060308564683008e-03,1.681068815281150071e-03,1.789103810199882882e-03,1.898728542069445238e-03,2.009459915263153793e-03,2.120765682179519187e-03,2.232060597950192085e-03,2.342701175333142087e-03,2.451978595790550632e-03,2.559109234807326310e-03,2.663222142344138892e-03,2.763342679226596637e-03,2.858371342909040748e-03,2.947056616376347513e-03,3.027960436146924679e-03,3.099414592763172736e-03,3.159466042251842313e-03,3.205808711312574041e-03,3.235698912985742522e-03,3.245850942832212687e-03,3.232308786876642547e-03,3.190289129542970333e-03,3.113989989699261947e-03,2.996358322462073717e-03,2.828808790251489177e-03,2.600884615810909999e-03,2.299849970630375631e-03,1.910201714422798524e-03,1.413086477883532472e-03,7.856070689582140458e-04,0.000000000000000000e+00
0.000000000000000000e+00,3.767349956100836594e-06,8.376439274545773738e-06,1.393779080313533594e-05,2.056961571360094965e-05,2.839753633114732633e-05,3.755417858328475667e-05,4.817862576971851900e-05,6.041572684976078913e-05,7.441525429806341283e-05,9.033090870060534654e-05,1.083191696241026777e-04,1.285379948576066613e-04,1.511453728504192034e-04,1.762977360023656168e-04,2.041482453396140193e-04,2.348449599627227603e-04,2.685289074077792069e-04,3.053320736346609872e-04,3.453753336616606712e-04,3.887663458114948073e-04,4.355974340245692385e-04,4.859434836320934855e-04,5.398598762611772888e-04,5.973804890589443865e-04,6.585157820599304122e-04,7.232509951598747964e-04,7.915444726684033689e-04,8.633261286473840673e-04,9.384960600356713478e-04,1.016923306722782245e-03,1.098444748037145967e-03,1.182864113287170277e-03,1.269951069705715007e-03,1.359440333998222913e-03,1.451030733188366428e-03,1.544384115987727443e-03,1.639123986746614898e-03,1.734833699266455365e-03,1.831054006268533364e-03,1.927279710784834260e-03,2.022955106556014338e-03,2.117467823761682178e-03,2.210140611772298813e-03,2.300220489380248954e-03,2.386864571938224471e-03,2.469121740263478890e-03,2.545909143709939627e-03,2.615982324455894212e-03,2.677897506069946195e-03,2.729964300296414993e-03,2.770186744425883352e-03,2.796190179436823520e-03,2.805131007329989684e-03,2.793585814956638970e-03,2.757415710682384943e-03,2.691600978378905391e-03,2.590040299086802250e-03,2.445307812782743749e-03,2.248360179911732242e-03,1.988184544519849828e-03,1.651376889369087896e-03,1.221638702268279704e-03,6.791781395284042467e-04,0.000000000000000000e+00
0.000000000000000000e+00,2.908074799348153316e-06,6.465916824003479021e-06,1.075886313716048058e-05,1.587819381731811062e-05,2.192091959473762189e-05,2.898946890537600744e-05,3.719126798138445533e-05,4.663820870098156881e-05,5.744600034667800710e-05,6.973340305301291265e-05,8.362134254275916312e-05,9.923190772654167725e-05,1.166872348407167813e-04,1.361082839812614853e-04,1.576135161101180457e-04,1.813174808118656490e-04,2.073293272044367155e-04,2.357512523948231944e-04,2.666769036522374900e-04,3.001897519763287213e-04,3.363614558930121167e-04,3.752502350385081742e-04,4.168992733135513506e-04,4.613351710212112446e-04,5.085664643557564384e-04,5.585822287929563274e-04,6.113507802424679449e-04,6.668184841476372483e-04,7.249086779289458556e-04,7.855207061158870621e-04,8.485290600225969121e-04,9.137826046845989696e-04,9.811038647322418548e-04,1.050288327619254992e-03,1.121103706770712732e-03,1.193289088295551147e-03,1.266553862351704925e-03,1.340576313357009618e-03,1.415001711154813139e-03,1.489439706938548019e-03,1.563460791971756428e-03,1.636591522420210347e-03,1.708308148166888009e-03,1.778028205207879625e-03,1.845099537655875768e-03,1.908786103617739378e-03,1.968249785908604728e-03,2.022527269848963145e-03,2.070500861839018845e-03,2.110861898995733659e-03,2.142065136226993082e-03,2.162272186416647115e-03,2.169281724977931321e-03,2.160443744365245829e-03,2.132554649134638016e-03,2.081729409293244740e-03,2.003246330187210232e-03,1.891359242218417858e-03,1.739071054708309950e-03,1.537861647404175150e-03,1.277361983864434445e-03,9.449651186214768749e-04,5.253634327100569585e-04,0.000000000000000000e+00
0.000000000000000000e+00,1.696548602672669831e-06,3.772172015210749724e-06,6.276663455414305490e-06,9.263286153385123813e-06,1.278865009360782678e-05,1.691253003539077787e-05,2.169762116227652143e-05,2.720922927252738196e-05,3.351489325305226607e-05,4.068393852949896649e-05,4.878696124397585216e-05,5.789524406304940018e-05,6.808010574235330808e-05,7.941218784651716807e-05,9.196068331669719146e-05,1.057925128618409738e-04,1.209714563899618920e-04,1.375572478553727660e-04,1.556046429378967117e-04,1.751624698492847782e-04,1.962726742373464221e-04,2.189693695848033100e-04,2.432779046310208312e-04,2.692139591318992004e-04,2.967826786650996419e-04,3.259778581297239903e-04,3.567811820220878572e-04,3.891615274262779007e-04,4.230743328648026245e-04,4.584610326238859742e-04,4.952485517971408563e-04,5.333488519573945010e-04,5.726585109201011263e-04,6.130583123210360964e-04,6.544128114728084856e-04,6.965698329158557167e-04,7.393598419053208290e-04,7.825951163669045809e-04,8.260686271153256039e-04,8.695525117563694846e-04,9.127960009623884872e-04,9.555226238524213182e-04,9.974264809865212699e-04,1.038167327773556123e-03,1.077364156450145950e-03,1.114586899529455138e-03,1.149345799784647331e-03,1.181077899166585151e-03,1.209129988977871578e-03,1.232737233207422583e-03,1.250996522878814778e-03,1.262833437915056745e-03,1.266961480333715119e-03,1.261831994166035453e-03,1.245572898631116046e-03,1.215914026826530160e-03,1.170096477397663528e-03,1.104762946176653321e-03,1.015825503662029982e-03,8.983067178798639267e-04,7.461493867967153044e-04,5.519894373491421617e-04,3.068857681966493723e-04,0.000000000000000000e+00
0.000000000000000000e+00,0.000000000000000000e+00,0.000000000000000000e+00,0.000000000000000000e+00,0.000000000000000000e+00,0.000000000000000000e+00,0.000000000000000000e+00,0.000000000000000000e+00,0.000000000000000000e+00,0.000000000000000000e+00,0.000000000000000000e+00,0.000000000000000000e+00,0.000000000000000000e+00,0.000000000000000000e+00,0.000000000000000000e+00,0.000000000000000000e+00,0.000000000000000000e+00,0.000000000000000000e+00,0.000000000000000000e+00,0.000000000000000000e+00,0.000000000000000000e+00,0.000000000000000000e+00,0.000000000000000000e+00,0.000000000000000000e+00,0.000000000000000000e+00,0.000000000000000000e+00,0.000000000000000000e+00,0.000000000000000000e+00,0.000000000000000000e+00,0.000000000000000000e+00,0.000000000000000000e+00,0.000000000000000000e+00,0.000000000000000000e+00,0.000000000000000000e+00,0.000000000000000000e+00,0.000000000000000000e+00,0.000000000000000000e+00,0.000000000000000000e+00,0.000000000000000000e+00,0.000000000000000000e+00,0.000000000000000000e+00,0.000000000000000000e+00,0.000000000000000000e+00,0.000000000000000000e+00,0.000000000000000000e+00,0.000000000000000000e+00,0.000000000000000000e+00,0.000000000000000000e+00,0.000000000000000000e+00,0.000000000000000000e+00,0.000000000000000000e+00,0.000000000000000000e+00,0.000000000000000000e+00,0.000000000000000000e+00,0.000000000000000000e+00,0.000000000000000000e+00,0.000000000000000000e+00,0.000000000000000000e+00,0.000000000000000000e+00,0.000000000000000000e+00,0.000000000000000000e+00,0.000000000000000000e+00,0.000000000000000000e+00,0.000000000000000000e+00,0.000000000000000000e+00
