-2.640166328089505465e-01,-2.705410656326119878e-01,-2.737942572539256991e-01,-2.736772551599642722e-01,-2.701387187876230778e-01,-2.631758097860680823e-01,-2.528343216185497955e-01,-2.392080459865330855e-01,-2.224373862137292990e-01,-2.027072402329145595e-01,-1.802441879596580754e-01,-1.553130294052654514e-01,-1.282127306767218977e-01,-9.927184484742369863e-02,-6.884348338850944382e-02,-3.729992127531877449e-02,-5.026924897609928548e-03,2.758210359941198550e-02,6.013206901232010654e-02,9.223211502590027144e-02,1.235014480300496154e-01,1.535749575006948309e-01,1.821085413371788253e-01,2.087840498102346010e-01,2.333137685079298140e-01,2.554443687548864639e-01,2.749602632819377890e-01,2.916863152771620449e-01,3.054898601744380215e-01,3.162820114364714441e-01,3.240182339579628090e-01,3.286981813353203608e-01,3.303648059017240124e-01,3.291027628895766832e-01,3.250361421389583172e-01,3.183255722103793262e-01,3.091647523835794886e-01,2.977764776465273711e-01,2.844082302330210310e-01,2.693274184069954780e-01,2.528163488937022474e-01,2.351670235247347862e-01,2.166758532249815905e-01,1.976383833830379078e-01,1.783441238995808753e-01,1.590715748172732147e-01,1.400835344465857224e-01,1.216227713884041328e-01,1.039081349172306934e-01,8.713116995412714672e-02,7.145329347503601158e-02,5.700357883669363718e-02,4.387718334510336271e-02,3.213444264038610443e-02,2.180064333690262882e-02,1.286647305552766386e-02,5.289134735096718762e-03,-1.005899869663583537e-03,-6.122534093135041135e-03,-1.019113506605374628e-02,-1.336512455608821447e-02,-1.581713815117142055e-02,-1.773482666366001451e-02,-1.931637995794915907e-02,-2.076585827440283194e-02
-2.542099770581719431e-01,-2.528892521746788913e-01,-2.513736322052652628e-01,-2.483110440086378490e-01,-2.430761938034376179e-01,-2.353608712383452595e-01,-2.250263053939667302e-01,-2.120419674049557335e-01,-1.964562303977209212e-01,-1.783800274341080516e-01,-1.579762594600845893e-01,-1.354518818301055638e-01,-1.110512597161448789e-01,-8.505010965470245765e-02,-5.774969092372808643e-02,-2.947108839185554399e-02,-5.495258611038670660e-04,2.867129506328586555e-02,5.784480225360903727e-02,8.662705822368298170e-02,1.146821033407294382e-01,1.416870713002292836e-01,1.673370091382297420e-01,1.913493351327101299e-01,2.134678713896986380e-01,2.334663932607013159e-01,2.511516446428769256e-01,2.663657763799220368e-01,2.789881741512186264e-01,2.889366521695954093e-01,2.961679994749785716e-01,3.006778763900923024e-01,3.025000695788117033e-01,3.017051249075297648e-01,2.983983877523509465e-01,2.927174903270728934e-01,2.848293348477299869e-01,2.749266297323621489e-01,2.632240434098929716e-01,2.499540465489738794e-01,2.353625185070176706e-01,2.197041974550835441e-01,2.032380558939349546e-01,1.862226841042513015e-01,1.689117634597516737e-01,1.515497094927682753e-01,1.343675611813443804e-01,1.175791881957334445e-01,1.013778818973715690e-01,8.593338884886594919e-02,7.138943762086479017e-02,5.786180095296050707e-02,4.543692606039267945e-02,3.417115634767631249e-02,2.409055834956449343e-02,1.519135887661787754e-02,7.440989910649404258e-03,7.797342534432842890e-04,-4.877033680175489085e-03,-9.636003226780345127e-03,-1.362242523910187249e-02,-1.697577248513122694e-02,-1.984402071821268071e-02,-2.237488576824340006e-02,-2.469855159057006422e-02
-2.412256758749936059e-01,-2.354323337465928923e-01,-2.304999752798326529e-01,-2.251170947142515921e-01,-2.184941409802442225e-01,-2.101651757242341267e-01,-1.998680610221735265e-01,-1.874772875043097253e-01,-1.729655401561768779e-01,-1.563803792201143572e-01,-1.378289401482282739e-01,-1.174669782291951209e-01,-9.549031615307113086e-02,-7.212764254263359653e-02,-4.763408163350357077e-02,-2.228521484499815936e-02,3.628615478352829535e-03,2.980780099043127754e-02,5.594878747519092116e-02,8.174921306352431194e-02,1.069128366250537421e-01,1.311542160624426800e-01,1.542030896470174550e-01,1.758084110778324050e-01,1.957419895613980998e-01,2.138016891758860449e-01,2.298141465838567099e-01,2.436369723954447952e-01,2.551604088377461554e-01,2.643084245800405019e-01,2.710392363517627468e-01,2.753452561435895674e-01,2.772524720887197258e-01,2.768192803803432023e-01,2.741347946026139737e-01,2.693166674580853570e-01,2.625084678993351295e-01,2.538766639656195312e-01,2.436072680521725597e-01,2.319022067833618750e-01,2.189754820239161182e-01,2.050491927683464610e-01,1.903494896431288941e-01,1.751025345079576523e-01,1.595305371440792763e-01,1.438479392864608908e-01,1.282578133342872628e-01,1.129485390282792129e-01,9.809081630689475695e-02,8.383506656749672992e-02,7.030926781461979691e-02,5.761726186409697748e-02,4.583756412686657011e-02,3.502269883096884723e-02,2.519907528607651798e-02,1.636741459709081803e-02,8.503732140185035412e-03,1.560880971235540510e-03,-4.529331381180523933e-03,-9.853418694607214701e-03,-1.451280050762410179e-02,-1.861950569807669514e-02,-2.229059786898412304e-02,-2.564059076673359111e-02,-2.877102689021714468e-02
-2.253488731324571059e-01,-2.171144315528870661e-01,-2.100768402535136137e-01,-2.031632182933656161e-01,-1.956180992896456583e-01,-1.869376291732487982e-01,-1.768034748909336207e-01,-1.650335807677734412e-01,-1.515482627471306243e-01,-1.363470082990935750e-01,-1.194921427553158333e-01,-1.010967737740934014e-01,-8.131538303242513699e-02,-6.033606155943843641e-02,-3.837377697776193919e-02,-1.566430351606097962e-02,7.541403014825710446e-03,3.098250739607705945e-02,5.439333510628097806e-02,7.750817150146596668e-02,1.000658156592043602e-01,1.218138683535909816e-01,1.425127240320463728e-01,1.619392317348622434e-01,1.798899884047275577e-01,1.961842291336629851e-01,2.106662819863673319e-01,2.232075596699600595e-01,2.337080661339721865e-01,2.420974028861188898e-01,2.483352671442237980e-01,2.524114416856138576e-01,2.543452841953318111e-01,2.541847318623924878e-01,2.520048447515761403e-01,2.479059189225897575e-01,2.420112072279350379e-01,2.344642920588304036e-01,2.254261599037204744e-01,2.150720323315289395e-01,2.035880118249559223e-01,1.911676036998699868e-01,1.780081771073040442e-01,1.643074287977404346e-01,1.502599129279018897e-01,1.360536987250195451e-01,1.218672153322364060e-01,1.078663397046830397e-01,9.420177909682361794e-02,8.100679459266907356e-02,6.839530642668127658e-02,5.646041570730084974e-02,4.527337081934893620e-02,3.488300055004759509e-02,2.531563027058579204e-02,1.657549290435997996e-02,8.645643813675779263e-03,1.489389515711606266e-03,-4.947753568169650264e-03,-1.073553920135307017e-02,-1.595585202981816483e-02,-2.069885165513548481e-02,-2.505827411157999715e-02,-2.912585245266458359e-02,-3.298538307001457059e-02
-2.068982174682708619e-01,-1.975996789273765930e-01,-1.895297355930714855e-01,-1.818408384786114607e-01,-1.738774081328321452e-01,-1.651637660692716336e-01,-1.553746277433836198e-01,-1.443052969354289838e-01,-1.318469206384923764e-01,-1.179672472158972418e-01,-1.026958474140854810e-01,-8.611258956922301921e-02,-6.833837901212756749e-02,-4.952744193719670063e-02,-2.986065934181401926e-02,-9.539623288128254441e-03,1.121879477226132328e-02,3.218749264219098599e-02,5.313387631461548993e-02,7.382432452637363585e-02,9.402838858780049325e-02,1.135227201674248038e-01,1.320947089690361897e-01,1.495458060644733189e-01,1.656945058855203434e-01,1.803789597145674661e-01,1.934591953485927385e-01,2.048189209916088105e-01,2.143668959997257206e-01,2.220378565671024540e-01,2.277929905505063635e-01,2.316199621656688801e-01,2.335324940532041704e-01,2.335695210261591603e-01,2.317939365107964111e-01,2.282909591261430282e-01,2.231661528787535487e-01,2.165431399533663537e-01,2.085610499484675806e-01,1.993717535443392530e-01,1.891369319223762668e-01,1.780250357179396226e-01,1.662081888424795373e-01,1.538590931306363929e-01,1.411479894505154042e-01,1.282397296763970185e-01,1.152910117995083750e-01,1.024478275022583929e-01,8.984316782513114552e-02,7.759502821812001849e-02,6.580474942233606461e-02,5.455572543668595759e-02,4.391250449412366363e-02,3.392030375976651940e-02,2.460495369836746687e-02,1.597328416541279189e-02,8.013961793680524082e-03,6.987878126498517925e-04,-6.015532374281665207e-03,-1.218513181817173011e-02,-1.787621619907642234e-02,-2.316177436484690572e-02,-2.811779419414561429e-02,-3.281916172839829254e-02,-3.733578423569632043e-02
-1.862206014789724584e-01,-1.768563308964357372e-01,-1.686015843234652256e-01,-1.607929913163607116e-01,-1.528869279269275683e-01,-1.444653982745904286e-01,-1.352259719410588978e-01,-1.249660572742121722e-01,-1.135668741598824943e-01,-1.009792108421812967e-01,-8.721140827615650459e-02,-7.231935607132934651e-02,-5.639809934381016104e-02,-3.957466551424995010e-02,-2.200179269338425544e-02,-3.852322452521539375e-03,1.468590947174576444e-02,3.341479496789784981e-02,5.213035598917714619e-02,7.062686482332466986e-02,8.870069722846310456e-02,1.061539180902294072e-01,1.227975890357550781e-01,1.384547811763105485e-01,1.529632729419163617e-01,1.661779121411733895e-01,1.779726224107365806e-01,1.882420367063152300e-01,1.969027441045348437e-01,2.038941406613496155e-01,2.091788801760474381e-01,2.127429262368013552e-01,2.145952126922246739e-01,2.147669255386139842e-01,2.133104249841883127e-01,2.102978320125771516e-01,2.058193089937987996e-01,1.999810686706371687e-01,1.929031500836824176e-01,1.847170036053902287e-01,1.755629301631500550e-01,1.655874218898658323e-01,1.549404528104977585e-01,1.437727687337823912e-01,1.322332252667291763e-01,1.204662218201466434e-01,1.086092776593789444e-01,9.679079352750505350e-02,8.512803919989601897e-02,7.372540361123633423e-02,6.267294004294005072e-02,5.204523440847406979e-02,4.190062009116805875e-02,3.228075826693394684e-02,2.321059840337388533e-02,1.469872990189929722e-02,6.738132846754691513e-03,-6.926663970847537349e-04,-7.628030815392713472e-03,-1.411323857192879963e-02,-2.020210584159505204e-02,-2.595423485506769684e-02,-3.143196620300065663e-02,-3.669721585038243639e-02,-4.180853108100501814e-02
-1.636855720730662767e-01,-1.550034586103687384e-01,-1.472272790052591152e-01,-1.398426138177424893e-01,-1.324119130310538461e-01,-1.245849259764084255e-01,-1.160978030584514653e-01,-1.067660844214540911e-01,-9.647530602421902635e-02,-8.517131163952709749e-02,-7.285121648802291017e-02,-5.955532460098182657e-02,-4.535999408235581731e-02,-3.037132519399050878e-02,-1.471952038995348773e-02,1.446219953547450959e-03,1.796237402413840278e-02,3.465542535584215794e-02,5.134589159206180697e-02,6.785208543518876645e-02,8.399362143365485256e-02,9.959467007590272480e-02,1.144869521694636405e-01,1.285124610301559001e-01,1.415258970261591420e-01,1.533967980425904876e-01,1.640113500645875022e-01,1.732738639975273942e-01,1.811079077799992165e-01,1.874570865656355889e-01,1.922854680506099201e-01,1.955776547239257424e-01,1.973385097549248124e-01,1.975925482589147575e-01,1.963830106626111571e-01,1.937706397033237271e-01,1.898321871282413753e-01,1.846586803132637677e-01,1.783534827071636131e-01,1.710301851516666527e-01,1.628103676697662816e-01,1.538212732055834475e-01,1.441934360061092879e-01,1.340583078399447681e-01,1.235459250477661253e-01,1.127826585264849329e-01,1.018890871926965286e-01,9.097803329594751631e-02,8.015279521984948474e-02,6.950561019675645380e-02,5.911637576347504586e-02,4.905165491065302530e-02,3.936398584972310849e-02,3.009151326874625471e-02,2.125795399653150272e-02,1.287290623188165270e-02,4.932507913112342719e-03,-2.579553827312426953e-03,-9.690684536577218178e-03,-1.643768465745495955e-02,-2.286473281452211861e-02,-2.902109231653010601e-02,-3.495861945121569309e-02,-4.072920416210523697e-02,-4.638232189430662594e-02
-1.396795022067221781e-01,-1.322446521750670345e-01,-1.254614586945539678e-01,-1.189382710615691646e-01,-1.123331832667136265e-01,-1.053645881282245927e-01,-9.781422820816185193e-02,-8.952516937294888177e-02,-8.039695165556819123e-02,-7.037951072422819754e-02,-5.946681870303340695e-02,-4.769072878358238121e-02,-3.511522397304967652e-02,-2.183111734072676335e-02,-7.951179954654791909e-03,6.394352517546644278e-03,2.106194540464353254e-02,3.589864512272578773e-02,5.074570405528233685e-02,6.544196853186237672e-02,7.982703779682308320e-02,9.374419356195007325e-02,1.070430936256200338e-01,1.195822189637989474e-01,1.312310614179541812e-01,1.418720383663723827e-01,1.514021213222226103e-01,1.597341670273781933e-01,1.667979421003932816e-01,1.725408354649481391e-01,1.769282564637121302e-01,1.799437205989442845e-01,1.815886290950538828e-01,1.818817528209177303e-01,1.808584354225953872e-01,1.785695346918583504e-01,1.750801251343346299e-01,1.704679883150093112e-01,1.648219207709223644e-01,1.582398920249509511e-01,1.508270874560596331e-01,1.426938724381015822e-01,1.339537152216464522e-01,1.247211064850106826e-01,1.151095133187217123e-01,1.052294046427175306e-01,9.518638371197542247e-02,8.507946148181921853e-02,7.499950222987145088e-02,6.502787003091653473e-02,5.523530152825807671e-02,4.568102702329489284e-02,3.641215830025303080e-02,2.746335789577478842e-02,1.885680077119959025e-02,1.060243555378767404e-02,2.698548581889912822e-03,-4.867370370131099584e-03,-1.211746719430633820e-02,-1.908208132557172310e-02,-2.579804733516255499e-02,-3.230678131444312401e-02,-3.865221457077074735e-02,-4.487865917975478181e-02,-5.102869721844381645e-02
-1.145996168293127865e-01,-1.088341888516380918e-01,-1.034356318707175398e-01,-9.811582747470666555e-02,-9.261795952894839867e-02,-8.672601342330713003e-02,-8.026935031749930782e-02,-7.312341093867882891e-02,-6.520781792610236272e-02,-5.648295802348308331e-02,-4.694581564751880431e-02,-3.662554440276294399e-02,-2.557905195376570726e-02,-1.388673624130425804e-02,-1.648430347214042014e-03,1.102042917288466491e-02,2.399241469736086013e-02,3.713151064372561400e-02,5.029631615635077324e-02,6.334305222268422908e-02,7.612837322990849420e-02,8.851197849354262848e-02,1.003590157113974229e-01,1.115422658312962834e-01,1.219440974963337115e-01,1.314581789795964684e-01,1.399909362281941405e-01,1.474627471722877170e-01,1.538088646817578342e-01,1.589800633363141480e-01,1.629430083844047861e-01,1.656803487789060003e-01,1.671905398769387152e-01,1.674874051682335441e-01,1.665994501497037594e-01,1.645689450995153624e-01,1.614507969363503936e-01,1.573112335017349539e-01,1.522263264073843714e-01,1.462803809873046146e-01,1.395642238378935196e-01,1.321734198812073158e-01,1.242064518206973389e-01,1.157628952602979683e-01,1.069416226235880008e-01,9.783906834833429322e-02,8.854758666305052872e-02,7.915393160737692335e-02,6.973788687860300872e-02,6.037107062313259304e-02,5.111593750176212508e-02,4.202499730250557758e-02,3.314026611341227418e-02,2.449296264806530635e-02,1.610345875977105962e-02,7.981489459756029720e-03,1.266237621807202814e-04,-7.471006813577622460e-03,-1.482973062716055890e-02,-2.197512451153608298e-02,-2.893859260002176401e-02,-3.575577006997508051e-02,-4.246479769535205229e-02,-4.910452044988983938e-02,-5.571265833001055184e-02
-8.884796695759800134e-02,-8.505685414999410165e-02,-8.133105170737553458e-02,-7.747144631173973062e-02,-7.329681245674371515e-02,-6.865215385944763160e-02,-6.341374648052938712e-02,-5.749130356408640313e-02,-5.082794816416073141e-02,-4.339868453229096118e-02,-3.520793786372807682e-02,-2.628657730464965814e-02,-1.668869896153963792e-02,-6.488340782593442733e-03,4.223770468548003303e-03,1.534338493977999672e-02,2.675577895324189256e-02,3.833867223949890407e-02,4.996500358697518462e-02,6.150555708377805630e-02,7.283143073076865648e-02,8.381633799273673080e-02,9.433873159873712444e-02,1.042837380227625704e-01,1.135448907744242286e-01,1.220256509772304765e-01,1.296407047028970971e-01,1.363170281129411909e-01,1.419947135582405873e-01,1.466275523154484672e-01,1.501833725029696198e-01,1.526441338243925694e-01,1.540057840411406809e-01,1.542778853892255164e-01,1.534830224423875122e-01,1.516560061060118758e-01,1.488428914296374694e-01,1.450998296841601309e-01,1.404917776040856547e-01,1.350910887947054662e-01,1.289760140068831606e-01,1.222291382554804157e-01,1.149357835781205373e-01,1.071824065856110397e-01,9.905501984049205899e-02,9.063766552228998130e-02,8.201096881319948351e-02,7.325079699121189725e-02,6.442704838240842502e-02,5.560259314015406767e-02,4.683238533056248432e-02,3.816276305612169989e-02,2.963095038390864758e-02,2.126477169098460809e-02,1.308258570517568074e-02,5.093442977431152617e-03,-2.702533303772044430e-03,-1.031354748899964216e-02,-1.775532181037382112e-02,-2.505009167103555701e-02,-3.222542702184661573e-02,-3.931290757274147341e-02,-4.634668496022675138e-02,-5.336196623239219256e-02,-6.039344604359043328e-02
-6.282544537233490656e-02,-6.121420865840274811e-02,-5.936027365539017775e-02,-5.714209235186601399e-02,-5.444568845907053756e-02,-5.117204100204986172e-02,-4.724217570363610508e-02,-4.260010579932672903e-02,-3.721398337136334195e-02,-3.107589043384251931e-02,-2.420066995428218903e-02,-1.662412361200976338e-02,-8.400821074918241038e-03,3.983066742593896047e-04,9.688473462270951950e-03,1.937356687702678978e-02,2.934864994949544503e-02,3.950240207313893137e-02,4.971947543792228086e-02,5.988274861889280459e-02,6.987546167880699655e-02,7.958321843082179214e-02,8.889584215403913137e-02,9.770907155746072492e-02,1.059260844385005729e-01,1.134588374363899310e-01,1.202292116055150989e-01,1.261699552388957091e-01,1.312254174317465105e-01,1.353520682414906806e-01,1.385188039129095217e-01,1.407070384275541097e-01,1.419105855343469613e-01,1.421353383524400493e-01,1.413987565385337319e-01,1.397291738128214333e-01,1.371649412786416777e-01,1.337534243942012369e-01,1.295498736098619486e-01,1.246161905277023141e-01,1.190196129349594678e-01,1.128313431809156997e-01,1.061251450873658547e-01,9.897593489390739407e-02,9.145839163729442556e-02,8.364561185367744289e-02,7.560783258638911764e-02,6.741124540010118293e-02,5.911692247115098858e-02,5.077987387509229344e-02,4.244825296045520724e-02,3.416272421674294846e-02,2.595600534544918389e-02,1.785259234714468499e-02,9.868673352653796471e-03,2.012233639104372713e-03,-5.716649253258380275e-03,-1.332532520152856885e-02,-2.082791501992855079e-02,-2.824449130413700729e-02,-3.560011461026168361e-02,-4.292374701235728007e-02,-5.024706752350405897e-02,-5.760321307049195289e-02,-6.502546295829818301e-02
-3.692593551020274811e-02,-3.761426098851243516e-02,-3.775374097733782963e-02,-3.729095959778559732e-02,-3.617180618866141367e-02,-3.434814370012510137e-02,-3.178280680337997738e-02,-2.845295739232684210e-02,-2.435198549336119178e-02,-1.949021986261648132e-02,-1.389472348251246520e-02,-7.608421289768296791e-03,-6.887631883821181784e-04,6.793920679114127947e-03,1.475825577726704550e-02,2.311376545123260823e-02,3.176285852053625097e-02,4.060281760672903445e-02,4.952775471197997520e-02,5.843050779493454139e-02,6.720445671688246581e-02,7.574523992317844234e-02,8.395235527843895873e-02,9.173063006763311489e-02,9.899154662209343203e-02,1.056544115230078629e-01,1.116473579835780966e-01,1.169081728644403434e-01,1.213849418448619683e-01,1.250365085376691221e-01,1.278327457644445608e-01,1.297546397539912078e-01,1.307941906398182308e-01,1.309541352568984185e-01,1.302475008190012995e-01,1.286970005415840890e-01,1.263342846102226691e-01,1.231990620333619224e-01,1.193381108179238925e-01,1.148041955296495720e-01,1.096549126156307896e-01,1.039514848495201038e-01,9.775752689245927052e-02,9.113780423399379937e-02,8.415700768341025095e-02,7.687856512629948069e-02,6.936351145362024129e-02,6.166943642708409140e-02,5.384952878645911378e-02,4.595173315649090512e-02,3.801803430092801778e-02,3.008388102610413603e-02,2.217775958170758663e-02,1.432092376153649288e-02,6.527286084285728769e-03,-1.196528562604360756e-03,-8.850968605692335553e-03,-1.644318592781923716e-02,-2.398651907996800919e-02,-3.149984167035413396e-02,-3.900679130177087117e-02,-4.653489699026000515e-02,-5.411462414972718904e-02,-6.177835512011353031e-02,-6.955931921666534679e-02
-1.153068175262837378e-02,-1.456315829949955329e-02,-1.674946865852570965e-02,-1.809619736611061541e-02,-1.860243099618775001e-02,-1.826591831554926978e-02,-1.708794744331117513e-02,-1.507692802316026176e-02,-1.225077742956393392e-02,-8.638275665283936394e-03,-4.279578000744063693e-03,7.739303818362948265e-04,6.460274612550586867e-03,1.270788954243013726e-02,1.943686999929926731e-02,2.656038749084696157e-02,3.398620829658683534e-02,4.161826268669637646e-02,4.935822589886424555e-02,5.710707932838667705e-02,6.476662595293468383e-02,7.224093801418246530e-02,7.943771796054042988e-02,8.626955602635738574e-02,9.265506987286978302e-02,9.851991364059674294e-02,1.037976456857238050e-01,1.084304462649536005e-01,1.123696785263829379e-01,1.155762883628060761e-01,1.180210409739654853e-01,1.196845943383109123e-01,1.205574121771210705e-01,1.206395213638559311e-01,1.199401210465217554e-01,1.184770529675256701e-01,1.162761445421060802e-01,1.133704381535704381e-01,1.097993218053493758e-01,1.056075777046599634e-01,1.008443665136396078e-01,9.556216586983723449e-02,8.981568233333395157e-02,8.366075615284448985e-02,7.715327815423268787e-02,7.034813764412246873e-02,6.329821949641661893e-02,5.605346756331053976e-02,4.866003024187249421e-02,4.115950245284612924e-02,3.358827647248682768e-02,2.597701202409667676e-02,1.835023380574575536e-02,1.072606222464735429e-02,3.116080544523187196e-03,-4.474661053096551898e-03,-1.204750681823208401e-02,-1.960992742653030335e-02,-2.717513077554177189e-02,-3.476156254755304736e-02,-4.239230997223603775e-02,-5.009442402185512733e-02,-5.789817598181017794e-02,-6.583626355475631631e-02,-7.394297920140396885e-02
1.299703543949961432e-02,7.641778750210179681e-03,3.415223097976592334e-03,2.580714150809262442e-04,-1.875799953524474482e-03,-3.025148433104010628e-03,-3.226133419730905800e-03,-2.516026101942757821e-03,-9.359163060197014028e-04,1.467477356784715721e-03,4.640761970971348654e-03,8.523451883536741630e-03,1.304804784889790868e-02,1.814049945468661218e-02,2.372095418786354659e-02,2.970471362566178691e-02,3.600333228775810801e-02,4.252580711516908835e-02,4.917981539011445635e-02,5.587296651893189359e-02,6.251403891325539586e-02,6.901417766760947758e-02,7.528803223431596026e-02,8.125481615553097059e-02,8.683927336943522701e-02,9.197253783899053681e-02,9.659287537807197122e-02,1.006462986481894278e-01,1.040870484126466267e-01,1.068779362816989764e-01,1.089905463612971526e-01,1.104052954152874438e-01,1.111113533433011058e-01,1.111064279349195938e-01,1.103964199525944573e-01,1.089949565873786774e-01,1.069228131891247491e-01,1.042072348642000823e-01,1.008811710291934033e-01,9.698243728203735647e-02,9.255281997985638498e-02,8.763713967746594724e-02,8.228229006833265302e-02,7.653626927242787592e-02,7.044722022923856353e-02,6.406249658061156926e-02,5.742776977313911180e-02,5.058619218372742421e-02,4.357762988879632093e-02,3.643797727414909565e-02,2.919856403795319244e-02,2.188566329373779068e-02,1.452010745459702580e-02,7.117016394846821352e-03,-3.143599369789851802e-04,-7.770684714785943900e-03,-1.525446601683660107e-02,-2.277388251413862974e-02,-3.034251088678754926e-02,-3.797896512728165391e-02,-4.570645989573764861e-02,-5.355231154885858880e-02,-6.154739113816670715e-02,-6.972554338697055376e-02,-7.812298440790427234e-02
3.631684213850565335e-02,2.871801534994948904e-02,2.251051205150332232e-02,1.758906162473648088e-02,1.386631051496434001e-02,1.126726083764352515e-02,9.724591740014911639e-03,9.174877332602089652e-03,9.555665483198493015e-03,1.080334449001131222e-02,1.285170222443345923e-02,1.563107341649287371e-02,1.906797201791086624e-02,2.308511328561825907e-02,2.760174117362227189e-02,3.253418847542591946e-02,3.779660847091662751e-02,4.330182685107916013e-02,4.896227115879333430e-02,5.469094192935745891e-02,6.040239532992758287e-02,6.601371163218296145e-02,7.144542755959056024e-02,7.662241365525560011e-02,8.147468050494159619e-02,8.593810006737977181e-02,8.995503061693752023e-02,9.347483596536369788e-02,9.645429174566869102e-02,9.885787363655096360e-02,1.006579244877625900e-01,1.018346993705191855e-01,1.023762896085698704e-01,1.022784288246969403e-01,1.015441859401333830e-01,1.001835518645152467e-01,9.821292828479652459e-02,9.565452847696750971e-02,9.253570139998767985e-02,8.888819146505722024e-02,8.474734728625196722e-02,8.015129339521966101e-02,7.514007933154544239e-02,6.975482069409263963e-02,6.403684665383041485e-02,5.802686808620266534e-02,5.176417988573554785e-02,4.528591018571166693e-02,3.862632813294730044e-02,3.181622057628688549e-02,2.488234653381963396e-02,1.784697662614871325e-02,1.072752282082566240e-02,3.536261847400835011e-03,-3.719846462959630444e-03,-1.103924685648421250e-02,-1.842578555006490690e-02,-2.588862179247595693e-02,-3.344206174176754531e-02,-4.110532434413774472e-02,-4.890225065986571890e-02,-5.686096943053097624e-02,-6.501353249546946989e-02,-7.339553387975344956e-02,-8.204572604466299490e-02
5.811576112288756313e-02,4.840292908372133968e-02,4.031974937399049330e-02,3.372135437146832337e-02,2.848472201393738995e-02,2.450329259444334815e-02,2.168236587056924028e-02,1.993528245645850155e-02,1.918036123940296961e-02,1.933853828289393631e-02,2.033163495839254709e-02,2.208117401455886308e-02,2.450766051559844991e-02,2.753024799461062030e-02,3.106671672900945813e-02,3.503369908050549958e-02,3.934709516335932467e-02,4.392262997665378338e-02,4.867651018238758343e-02,5.352614480441975076e-02,5.839089929186176003e-02,6.319285674544330988e-02,6.785756379114986359e-02,7.231474174930473120e-02,7.649894652230060377e-02,8.035016312139388328e-02,8.381432305919270243e-02,8.684373501336892232e-02,8.939742126184860305e-02,9.144135442611549258e-02,9.294859104909332370e-02,9.389930047815016334e-02,9.428068941457948271e-02,9.408682431494581888e-02,9.331835556938297693e-02,9.198214901733924032e-02,9.009083187136739113e-02,8.766226148343424229e-02,8.471892658595518710e-02,8.128729165318862582e-02,7.739709584195865466e-02,7.308061857093939295e-02,6.837192417511807341e-02,6.330609822010974108e-02,5.791848797674569588e-02,5.224395924026728477e-02,4.631618113432602740e-02,4.016694977472414635e-02,3.382556069115338904e-02,2.731823872930664795e-02,2.066763279499772565e-02,1.389238127258668812e-02,7.006752270192291056e-03,2.036103418255666081e-05,-7.062035041396170706e-03,-1.424066538055454231e-02,-2.152080277629195987e-02,-2.891275317642379855e-02,-3.643178633672582850e-02,-4.409801682978323895e-02,-5.193624654741976765e-02,-5.997578119822064707e-02,-6.825023431992822964e-02,-7.679733298746994896e-02,-8.565873976547908053e-02
7.811218768937398804e-02,6.645819114768036773e-02,5.664420330105068846e-02,4.849188643391064146e-02,4.184793317966833265e-02,3.657882489810878462e-02,3.256630056357523451e-02,2.970352987570436948e-02,2.789196383672107662e-02,2.703881814214419838e-02,2.705513159281977900e-02,2.785433401627473299e-02,2.935125543447105953e-02,3.146150937991858132e-02,3.410118711216553883e-02,3.718680489163447844e-02,4.063545253349720027e-02,4.436509756570639756e-02,4.829500506935840293e-02,5.234623849246455157e-02,5.644221133877237728e-02,6.050926366353619884e-02,6.447724082535648271e-02,6.828005503329104275e-02,7.185621297888586390e-02,7.514929533282520280e-02,7.810837618171016794e-02,8.068837263348410671e-02,8.285031686729961431e-02,8.456154486923410374e-02,8.579579799214599733e-02,8.653323530991921531e-02,8.676035649996775845e-02,8.646983667433895404e-02,8.566027617639807024e-02,8.433586985176776130e-02,8.250600167251814776e-02,8.018477182586120078e-02,7.739046445665083429e-02,7.414496516193112841e-02,7.047313806251179202e-02,6.640217281022213480e-02,6.196091222179697655e-02,5.717917135574196452e-02,5.208705876434854137e-02,4.671431035951027072e-02,4.108964583117887676e-02,3.524015685691109234e-02,2.919073544819224264e-02,2.296354970452696084e-02,1.657757300216217838e-02,1.004817124518437611e-02,3.386751269016131764e-03,-3.399528171316342808e-03,-1.030798315184222602e-02,-1.734057122207726884e-02,-2.450400196392251220e-02,-3.180979736968140431e-02,-3.927430978257076544e-02,-4.691870689767471680e-02,-5.476893493935922758e-02,-6.285567256932339530e-02,-7.121428931417808639e-02,-7.988482334466527612e-02,-8.891199435101239390e-02
9.605929834770941811e-02,8.267344521001461499e-02,7.130698762823639569e-02,6.175405694584220478e-02,5.383630211280035494e-02,4.739777666579616383e-02,4.230048568355725819e-02,3.842057737229980646e-02,3.564515145688243458e-02,3.386964485125440461e-02,3.299574586276266680e-02,3.292978222855382636e-02,3.358152561078191212e-02,3.486335532346977045e-02,3.668972633310530612e-02,3.897689024364130866e-02,4.164282241187715339e-02,4.460731305307874539e-02,4.779218485253550197e-02,5.112160399252034526e-02,5.452245553464295930e-02,5.792475773590802929e-02,6.126209313955560676e-02,6.447203721055561054e-02,6.749656793224000084e-02,7.028244219730125919e-02,7.278152706034418662e-02,7.495107600923132940e-02,7.675394238822040582e-02,7.815872398780075725e-02,7.913983461627617511e-02,7.967750019137818940e-02,7.975767853545556729e-02,7.937190361935252125e-02,7.851705646880609291e-02,7.719506631158318255e-02,7.541254679081679790e-02,7.318037318678277670e-02,7.051320756262212386e-02,6.742897956706260520e-02,6.394833127819440910e-02,6.009403494773868371e-02,5.589039279800735865e-02,5.136262812914663828e-02,4.653627690992495625e-02,4.143658875133137548e-02,3.608794570103402571e-02,3.051330665304505252e-02,2.473368434763590501e-02,1.876766095053950673e-02,1.263094705853154073e-02,6.335987693171890936e-03,-1.083825697895006771e-04,-6.697234714673512036e-03,-1.342979164377655805e-02,-2.030962847180539654e-02,-2.734483119009526592e-02,-3.454811989344472312e-02,-4.193694451004752188e-02,-4.953356267853711165e-02,-5.736511104621403595e-02,-6.546368279873844565e-02,-7.386642567078195720e-02,-8.261567605194759800e-02,-9.175914614682027792e-02
1.117478495443757491e-01,9.686930444194308265e-02,8.415624650001442275e-02,7.338105376730277851e-02,6.434544452837080708e-02,5.687549753974285166e-02,5.081729239736673676e-02,4.603314742118870539e-02,4.239842538658423338e-02,3.979887021998820829e-02,3.812843169724398906e-02,3.728753096834674929e-02,3.718171760726095287e-02,3.772066870745287986e-02,3.881748195592769901e-02,4.038821718341811806e-02,4.235164418142017134e-02,4.462915823970562551e-02,4.714482861961045296e-02,4.982554885419591267e-02,5.260126124582487073e-02,5.540523116143297039e-02,5.817434969250036975e-02,6.084944596244797749e-02,6.337559285464419712e-02,6.570239223056649480e-02,6.778422784088750097e-02,6.958047612974321838e-02,7.105566701623511339e-02,7.217958852334060982e-02,7.292733082293910429e-02,7.327926688124875021e-02,7.322096842158851149e-02,7.274305736720063087e-02,7.184099427914017455e-02,7.051480655414958665e-02,6.876876028489914416e-02,6.661098069933998889e-02,6.405302697659390199e-02,6.110942797379242952e-02,5.779718598261229107e-02,5.413525605835841498e-02,5.014400872240380724e-02,4.584468392654807156e-02,4.125884408331064596e-02,3.640783370925912421e-02,3.131225280112144571e-02,2.599145047052242238e-02,2.046304460845168802e-02,1.474247244248219797e-02,8.842575797425878889e-03,2.773223684212107552e-03,-3.459026465469178854e-03,-9.851229015982804899e-03,-1.640431340001580543e-02,-2.312331363176594462e-02,-3.001756888364937037e-02,-3.710090162147631349e-02,-4.439178147979173233e-02,-5.191348474094394094e-02,-5.969426094384602810e-02,-6.776751978581928293e-02,-7.617205310201299873e-02,-8.495230833916669888e-02,-9.415873163260805867e-02
1.250083340297402923e-01,1.088996772691284004e-01,9.506764166728677579e-02,8.326846934493752073e-02,7.328892768330150242e-02,6.494148028947034634e-02,5.806004339024609801e-02,5.249629968610667469e-02,4.811653830557446193e-02,4.479898548751353599e-02,4.243158694984950491e-02,4.091020020397884149e-02,4.013715363855892976e-02,4.002012905092649370e-02,4.047132529693204389e-02,4.140686261562572662e-02,4.274638969432093677e-02,4.441285842270333711e-02,4.633243433675728745e-02,4.843451382158839996e-02,5.065182212394613720e-02,5.292056905970464464e-02,5.518064196024442120e-02,5.737581787856640969e-02,5.945397937913079328e-02,6.136732038041400883e-02,6.307253052427252982e-02,6.453094842908393969e-02,6.570867595943973016e-02,6.657664732542382946e-02,6.711064841678714143e-02,6.729128328529344893e-02,6.710388611231929423e-02,6.653837833561379589e-02,6.558907185376229576e-02,6.425442037241695103e-02,6.253672199469378912e-02,6.044177708067740434e-02,5.797850619906422254e-02,5.515853365937060937e-02,5.199574263837582200e-02,4.850580829320810111e-02,4.470571548070113171e-02,4.061326777484950551e-02,3.624659438950456752e-02,3.162366137168173136e-02,2.676179303348317703e-02,2.167720904079646974e-02,1.638458187929316481e-02,1.089661857897414321e-02,5.223669605110999731e-03,-6.266332752834623959e-04,-6.649709556354964878e-03,-1.284433370878716729e-02,-1.921291218096631698e-02,-2.576173730832893513e-02,-3.250122330761359007e-02,-3.944613113868423310e-02,-4.661579066172032160e-02,-5.403433019234835794e-02,-6.173092525755209670e-02,-6.974008008517626478e-02,-7.810195713535213191e-02,-8.686277183321261530e-02,-9.607527163393038416e-02
1.357124733371543601e-01,1.186534297216611383e-01,1.039461751167430753e-01,9.133625659724786683e-02,8.060031967378848694e-02,7.154145640830510133e-02,6.398510580262883884e-02,5.777547498156533623e-02,5.277244874268028491e-02,4.884895326677431843e-02,4.588873789771115430e-02,4.378453742280625366e-02,4.243657651234578748e-02,4.175137801610769028e-02,4.164083763256194726e-02,4.202152894253105564e-02,4.281420477361758126e-02,4.394346317014117403e-02,4.533754873862756718e-02,4.692826270249168819e-02,4.865095754425137475e-02,5.044459458127776436e-02,5.225184517775795928e-02,5.401921852553669828e-02,5.569720102679596302e-02,5.724039428692040410e-02,5.860764058517003994e-02,5.976212644392103063e-02,6.067145657351619842e-02,6.130769203660211414e-02,6.164734795817770202e-02,6.167134750776656626e-02,6.136493019794946047e-02,6.071751377651691400e-02,5.972251013344405390e-02,5.837709669307670352e-02,5.668194570974368490e-02,5.464091472438074859e-02,5.226070216350024028e-02,4.955047266309673543e-02,4.652145717258757834e-02,4.318653323227324842e-02,3.955979101777960111e-02,3.565609080346706511e-02,3.149061741215548882e-02,2.707843699040415886e-02,2.243406107808205291e-02,1.757102243050146992e-02,1.250146640469788385e-02,7.235760943449700243e-03,1.782127287369179120e-03,-3.853707476138894424e-03,-9.668836050213742983e-03,-1.566347600917997185e-02,-2.184125690621517915e-02,-2.820949340213934134e-02,-3.477944989454702374e-02,-4.156660367848676735e-02,-4.859091528293008055e-02,-5.587711629913234140e-02,-6.345502675088103561e-02,-7.135991586333535752e-02,-7.963292198709377712e-02,-8.832154945883295694e-02,-9.748026237244993009e-02
1.437740358975660993e-01,1.260553939741337615e-01,1.107273740955144331e-01,9.753006466850838718e-02,8.623464121559988593e-02,7.663892386306993265e-02,6.856345320277160149e-02,6.184805123215419281e-02,5.634883470548338047e-02,5.193564796383437487e-02,4.848988169482592453e-02,4.590264352042294771e-02,4.407324609431715473e-02,4.290797864787766064e-02,4.231912868694043955e-02,4.222422176814046718e-02,4.254544888796434748e-02,4.320925289847674100e-02,4.414604742073296312e-02,4.529004387298940504e-02,4.657916439660533814e-02,4.795502059738995793e-02,4.936294009048186604e-02,5.075202482296171935e-02,5.207522704102686417e-02,5.328943056554553276e-02,5.435552674327920331e-02,5.523847605518288767e-02,5.590734789253767878e-02,5.633533246012209506e-02,5.649972013572349822e-02,5.638184490790063008e-02,5.596698972818878876e-02,5.524425274744329539e-02,5.420637445493591694e-02,5.284952669828119065e-02,5.117306542667762054e-02,4.917924976331581460e-02,4.687293066908308076e-02,4.426121300306636031e-02,4.135309521050366255e-02,3.815909117115482557e-02,3.469083891684273530e-02,3.096070097346501765e-02,2.698136099850622499e-02,2.276542116955299760e-02,1.832500443323585235e-02,1.367136524921237425e-02,8.814511863131500868e-03,3.762842419793405949e-03,-1.477203612409874398e-03,-6.901478186888023239e-03,-1.250844213361956662e-02,-1.829946902133742365e-02,-2.427913837760754812e-02,-3.045552255784279155e-02,-3.684047297811497007e-02,-4.344991293045177838e-02,-5.030414578248637580e-02,-5.742818902905614392e-02,-6.485214642008918506e-02,-7.261163225214704864e-02,-8.074826390379531704e-02,-8.931024085023860082e-02,-9.835303075256900118e-02
1.491489813829246225e-01,1.310667370166852530e-01,1.153778642864458498e-01,1.018219892542328586e-01,9.016925996426966572e-02,8.021614874339938472e-02,7.178173683148998674e-02,6.470444774545749955e-02,5.883919736434840148e-02,5.405492942788827498e-02,5.023250537779864328e-02,4.726291757150886258e-02,4.504579509841097340e-02,4.348817187297538550e-02,4.250348743042987182e-02,4.201079191258970391e-02,4.193412806758594485e-02,4.220206464037255106e-02,4.274735723695440026e-02,4.350671454323491033e-02,4.442064961685490004e-02,4.543339780605214206e-02,4.649288465325953495e-02,4.755072889266208358e-02,4.856226733805144719e-02,4.948659007378190811e-02,5.028657590513454373e-02,5.092891949492391046e-02,5.138414301170720483e-02,5.162658644248981771e-02,5.163437197978872073e-02,5.138933907879442847e-02,5.087694789355326486e-02,5.008614983888699107e-02,4.900922498353343926e-02,4.764158685532765558e-02,4.598155602621906146e-02,4.403010453833327426e-02,4.179057382690852529e-02,3.926836928674424382e-02,3.647063501119097995e-02,3.340591250267842954e-02,3.008378730805369439e-02,2.651452756816301964e-02,2.270871838764666750e-02,1.867689572726270383e-02,1.442918319758297770e-02,9.974934690883162716e-03,5.322385229573935173e-03,4.783117374126318066e-04,-4.552295342594806296e-03,-9.766549548403795702e-03,-1.516397597308750782e-02,-2.074681095809559686e-02,-2.652029713470557479e-02,-3.249297831840194245e-02,-3.867700012668549153e-02,-4.508842364712392636e-02,-5.174756103258962986e-02,-5.867934355176184641e-02,-6.591373438728719003e-02,-7.348620036985803461e-02,-8.143825888945394054e-02,-8.981811846862795823e-02,-9.868143395882821023e-02
1.518349427712901156e-01,1.336847092804296089e-01,1.178953584880218647e-01,1.042107706536549577e-01,9.240426404079413181e-02,8.227467854438107187e-02,7.364290268623845115e-02,6.634881141565636409e-02,6.024858423593468237e-02,5.521237444219066065e-02,5.112230101463645371e-02,4.787073522805730674e-02,4.535885451262722939e-02,4.349543666849198242e-02,4.219586827275407376e-02,4.138134205105802738e-02,4.097821911111763221e-02,4.091753322506552076e-02,4.113461576360152167e-02,4.156882138710908670e-02,4.216333614940508817e-02,4.286505123639674369e-02,4.362448711918107819e-02,4.439575443020982864e-02,4.513653935902234293e-02,4.580810280229849485e-02,4.637528388653184425e-02,4.680649980758458395e-02,4.707373519808023821e-02,4.715251543978301457e-02,4.702185948247325498e-02,4.666420881158726830e-02,4.606533022165994889e-02,4.521419099833672711e-02,4.410280598473870911e-02,4.272605680410249129e-02,4.108148422536372218e-02,3.916905528704184986e-02,3.699090733276932247e-02,3.455107155465519247e-02,3.185517898431517586e-02,2.891015211228270543e-02,2.572388545170899155e-02,2.230491838954285974e-02,1.866210358628994648e-02,1.480427399329917182e-02,1.073991125438830858e-02,6.476817847290652734e-03,2.021794801310723005e-03,-2.619673797325476356e-03,-7.443729029308405153e-03,-1.244843844144035393e-02,-1.763409169502888618e-02,-2.300349286113222147e-02,-2.856225277865208703e-02,-3.431908610357969208e-02,-4.028611898499522698e-02,-4.647921470893032203e-02,-5.291832616112115278e-02,-5.962788558402425110e-02,-6.663724385699579256e-02,-7.398117343166495108e-02,-8.170045113416854465e-02,-8.984253933610285292e-02,-9.846238653838423893e-02
1.518700681761200322e-01,1.339417997230892832e-01,1.183080914808874867e-01,1.047214734485640147e-01,9.296235047910210436e-02,8.283540303802953975e-02,7.416638912645098780e-02,6.679931699742944207e-02,6.059396053868405102e-02,5.542369070545751647e-02,5.117359740502828991e-02,4.773887696682332232e-02,4.502346094536947840e-02,4.293886261771369395e-02,4.140321822952026942e-02,4.034050085507377009e-02,3.967988567772900294e-02,3.935524656113048581e-02,3.930476494811559890e-02,3.947063336843781994e-02,3.979883713215708746e-02,4.023899910856161555e-02,4.074427382014849525e-02,4.127127840089652583e-02,4.178004926512757927e-02,4.223401459835837007e-02,4.259997400802279649e-02,4.284807785502047633e-02,4.295179992314551720e-02,4.288789816963111540e-02,4.263635933356932362e-02,4.218032415699099480e-02,4.150599089280226917e-02,4.060249563110487903e-02,3.946176876686404572e-02,3.807836765333719869e-02,3.644928613286575053e-02,3.457374220523843494e-02,3.245294557962195153e-02,3.008984725500606777e-02,2.748887358255753394e-02,2.465564747800415291e-02,2.159669957050371070e-02,1.831917209431998747e-02,1.483051824959573037e-02,1.113819957778740266e-02,7.249383615735254319e-03,3.170643710275771691e-03,-1.092337606366972991e-03,-5.535060860212976004e-03,-1.015449735493847809e-02,-1.494937299621972374e-02,-1.992044971671332737e-02,-2.507080695729663189e-02,-3.040612671350044136e-02,-3.593498680402538309e-02,-4.166916826382636996e-02,-4.762398411276352883e-02,-5.381863821050273528e-02,-6.027662449114872673e-02,-6.702617859341702955e-02,-7.410079578563945335e-02,-8.153983115714057150e-02,-8.938920034266792380e-02,-9.770220160580891933e-02
1.493312545094420407e-01,1.319043308502934053e-01,1.166737360495372633e-01,1.034046838521758688e-01,9.188826493993054734e-02,8.193819842373022133e-02,7.338793906544999190e-02,6.608811303712566754e-02,5.990425717595905530e-02,5.471483821077533644e-02,5.040952950381936276e-02,4.688772363426978174e-02,4.405725978170105250e-02,4.183334545213707872e-02,4.013765269803690888e-02,3.889756966017809958e-02,3.804558902471130016e-02,3.751881584633929428e-02,3.725857813084226811e-02,3.721012458256455629e-02,3.732239498758429391e-02,3.754784980337595723e-02,3.784234664444158930e-02,3.816505247639752352e-02,3.847838144656498538e-02,3.874794937774229953e-02,3.894253702602275269e-02,3.903405524728414261e-02,3.899750622541917761e-02,3.881093588428704416e-02,3.845537353089324012e-02,3.791475565571349182e-02,3.717583164359728604e-02,3.622804992143238006e-02,3.506342378270205229e-02,3.367637678009994390e-02,3.206356816132045762e-02,3.022369933590405774e-02,2.815730279862076538e-02,2.586651529360091753e-02,2.335483727988968417e-02,2.062688095034759944e-02,1.768810915936377265e-02,1.454456762873587716e-02,1.120261272388947855e-02,7.668636923484640697e-03,3.948793844020553022e-03,4.872432737404323503e-05,-4.026715346274759022e-03,-8.273722594301957320e-03,-1.268981511747880112e-02,-1.727409575376252782e-02,-2.202751722424409891e-02,-2.695314929145512656e-02,-3.205645183725322478e-02,-3.734555844812852132e-02,-4.283157627437895326e-02,-4.852890921287070919e-02,-5.445561286060780770e-02,-6.063379121118062792e-02,-6.709004673564010479e-02,-7.385599732560284292e-02,-8.096887560709090104e-02,-8.847222839251232818e-02,-9.641673656571460305e-02
1.443318143919675722e-01,1.276705340302755065e-01,1.130778398323817741e-01,1.003352636902164197e-01,8.924783061954157104e-02,7.964119115275700156e-02,7.135906105112498066e-02,6.426094514850806683e-02,5.822012400302667423e-02,5.312188337322443221e-02,4.886196749077512808e-02,4.534523779917321723e-02,4.248451937506771137e-02,4.019961773161364466e-02,3.841648918438511640e-02,3.706654848187020818e-02,3.608609798818099290e-02,3.541586336497453552e-02,3.500062143198890557e-02,3.478890668357542681e-02,3.473278379084110412e-02,3.478767431257930726e-02,3.491222676006743020e-02,3.506822009892197889e-02,3.522049171474280621e-02,3.533688180894407199e-02,3.538818711904302000e-02,3.534811776702322106e-02,3.519325192438749195e-02,3.490298383801015980e-02,3.445946158216207228e-02,3.384751168464318616e-02,3.305454851447221093e-02,3.207046701076320117e-02,3.088751797300715377e-02,2.950016571775430571e-02,2.790492843152288238e-02,2.610020201064214979e-02,2.408606857187810604e-02,2.186409113957193256e-02,1.943709626247103195e-02,1.680894648367726660e-02,1.398430467784814168e-02,1.096839227910572506e-02,7.766743349651713396e-03,4.384956281932362622e-03,8.284446858387470259e-04,-2.897811313285109797e-03,-6.789512550013272058e-03,-1.084328674573462915e-02,-1.505693314294962240e-02,-1.942966676430703948e-02,-2.396236395932064764e-02,-2.865781173252755429e-02,-3.352096426498753223e-02,-3.855921104993632192e-02,-4.378266216833956448e-02,-4.920445743854347243e-02,-5.484110749644771632e-02,-6.071287631222749975e-02,-6.684421624410930018e-02,-7.326426849107622874e-02,-8.000744376177017225e-02,-8.711410015909476501e-02,-9.463133772822056311e-02
1.370186262344278982e-01,1.213681519711859585e-01,1.076318274045433565e-01,9.561070321760135882e-02,8.512660636511452938e-02,7.601967908650329731e-02,6.814617429647697178e-02,6.137648883689386659e-02,5.559341750848822289e-02,5.069061182471570198e-02,4.657122814593396554e-02,4.314675035661510311e-02,4.033597262518221621e-02,3.806412810411959058e-02,3.626214973979746681e-02,3.486604970394985292e-02,3.381640435504841558e-02,3.305793209956543743e-02,3.253915205314321379e-02,3.221211199656169588e-02,3.203217477367884675e-02,3.195785297855396195e-02,3.195068251622427968e-02,3.197512638559921877e-02,3.199850081376329897e-02,3.199091665959653136e-02,3.192522979291960439e-02,3.177699493611696457e-02,3.152441822190402143e-02,3.114830446770756184e-02,3.063199588860191294e-02,2.996129966180123214e-02,2.912440241150535472e-02,2.811177029877056158e-02,2.691603397251928972e-02,2.553185816046354972e-02,2.395579614842332714e-02,2.218612980931788589e-02,2.022269619530218249e-02,1.806670199473152036e-02,1.572052737684268703e-02,1.318752089861202625e-02,1.047178722798761293e-02,7.577969443826058742e-03,4.511027604057025672e-03,1.276015128918043477e-03,-2.122145675025164432e-03,-5.678887922217165131e-03,-9.390223633637402589e-03,-1.325296619886340808e-02,-1.726495214148900809e-02,-2.142526312047106016e-02,-2.573444978385715926e-02,-3.019475985490017306e-02,-3.481037367636281854e-02,-3.958765137077530083e-02,-4.453539679817627300e-02,-4.966514461623252469e-02,-5.499147798099304763e-02,-6.053238578338444864e-02,-6.630966981401707760e-02,-7.234941390822838270e-02,-7.868252897054762995e-02,-8.534538984422523900e-02,-9.238058231432463852e-02
1.275688249610377467e-01,1.131516211515124215e-01,1.004706164649803168e-01,8.934911820588385678e-02,7.962821625268634573e-02,7.116474915895207309e-02,6.382947373874700570e-02,5.750542480799714778e-02,5.208645265403856472e-02,4.747592640893205651e-02,4.358559188242611820e-02,4.033457263810408949e-02,3.764850323407914479e-02,3.545878365042720581e-02,3.370194403098962510e-02,3.231910900759552702e-02,3.125555107011095818e-02,3.046032270703053282e-02,2.988595737239243058e-02,2.948822973401059658e-02,2.922596612000620889e-02,2.906089659765660749e-02,2.895754068168942749e-02,2.888311926892757342e-02,2.880748602334440647e-02,2.870307208126854359e-02,2.854483860243403615e-02,2.831023235119875872e-02,2.797914014655799794e-02,2.753383866311156711e-02,2.695893669191154127e-02,2.624130757451708859e-02,2.537001010032551712e-02,2.433619670132300752e-02,2.313300828504731566e-02,2.175545551127042870e-02,2.020028673644776868e-02,1.846584321838445550e-02,1.655190248819778803e-02,1.445951105421837586e-02,1.219080780005895627e-02,9.748839574183033180e-03,7.137370538835214814e-03,4.360686850480311946e-03,1.423398180671940063e-03,-1.669762545360888592e-03,-4.914140015732167306e-03,-8.305357097759985194e-03,-1.183951453529557239e-02,-1.551338961914026406e-02,-1.932463415101533244e-02,-2.327197257077018647e-02,-2.735540173711925593e-02,-3.157639454591364830e-02,-3.593811033949216582e-02,-4.044561591001747530e-02,-4.510612183451293000e-02,-4.992923990720034289e-02,-5.492726856573271893e-02,-6.011551445489835693e-02,-6.551265965053562623e-02,-7.114118559773471850e-02,-7.702786652522680688e-02,-8.320434701134644950e-02,-8.970782053072885731e-02
1.161860973134716396e-01,1.031988921538611881e-01,9.174990098431991259e-02,8.168693971130139286e-02,7.287239503360322390e-02,6.518163223125648942e-02,5.850155227407263098e-02,5.272929048027188981e-02,4.777104924828907973e-02,4.354105749367940398e-02,3.996064939733329213e-02,3.695745495920007423e-02,3.446469469765622851e-02,3.242057067663439707e-02,3.076774591135885209e-02,2.945290412190971346e-02,2.842638178723628020e-02,2.764186450930057951e-02,2.705613983074817153e-02,2.662889885842646687e-02,2.632257932449277513e-02,2.610224305986413862e-02,2.593548125312648139e-02,2.579234131287357068e-02,2.564526963377754959e-02,2.546906507768448638e-02,2.524083851224865477e-02,2.493997429312077088e-02,2.454809012405098634e-02,2.404899227551664243e-02,2.342862368015578498e-02,2.267500294631598703e-02,2.177815283372716570e-02,2.073001721234001005e-02,1.952436597173327210e-02,1.815668775950840877e-02,1.662407079841825633e-02,1.492507235962780253e-02,1.305957774985901446e-02,1.102864989999768550e-02,8.834370819215920170e-03,6.479676299387334554e-03,3.968185317566171218e-03,1.304025588005363039e-03,-1.508343341562003821e-03,-4.464308172664298822e-03,-7.559280020913930129e-03,-1.078887180776906714e-02,-1.414907432805070919e-02,-1.763643080825203976e-02,-2.124821019937821187e-02,-2.498257993972958710e-02,-2.883877947864582278e-02,-3.281729647339414607e-02,-3.692004826066540984e-02,-4.115057196527761862e-02,-4.551422744691278194e-02,-5.001841820808335809e-02,-5.467283640227187103e-02,-5.948973920210918337e-02,-6.448426502832611817e-02,-6.967479951921842773e-02,-7.508340265957884341e-02,-8.073631021393638807e-02,-8.666452455291039081e-02
1.030966509672095327e-01,9.170795011785293216e-02,8.164315750723818987e-02,7.277634746523006792e-02,6.499279571975950798e-02,5.818783716648388143e-02,5.226581827006182568e-02,4.713914211696167839e-02,4.272740377760628899e-02,3.895661320066635958e-02,3.575850238233293371e-02,3.306991305748720189e-02,3.083226067563106867e-02,2.899106997687145998e-02,2.749557709237135383e-02,2.629839277464000522e-02,2.535522112583384058e-02,2.462462804205914693e-02,2.406785352948241294e-02,2.364866207139629598e-02,2.333322532915574690e-02,2.309003163711441722e-02,2.288981699418141114e-02,2.270551255355511208e-02,2.251220395851814826e-02,2.228709825691208360e-02,2.200949454134253080e-02,2.166075489797795670e-02,2.122427269613347614e-02,2.068543570627923156e-02,2.003158198875093152e-02,1.925194694278434260e-02,1.833760033948857171e-02,1.728137257736873586e-02,1.607776978975904505e-02,1.472287779518204921e-02,1.321425520975784591e-02,1.155081633130621011e-02,9.732704654094400179e-03,7.761158078094443011e-03,5.638367034380227863e-03,3.367326856616046239e-03,9.516857856069818860e-04,-1.604410001831026991e-03,-4.296472997893195124e-03,-7.119831364800759989e-03,-1.006978525257276949e-02,-1.314176156787553486e-02,-1.633146659669432871e-02,-1.963503620680064413e-02,-2.304918373405266327e-02,-2.657134608974025952e-02,-3.019982911515680518e-02,-3.393395375564488281e-02,-3.777420523164191912e-02,-4.172238805192956396e-02,-4.578179044887899229e-02,-4.995736262310686293e-02,-5.425591407366112812e-02,-5.868633626994339964e-02,-6.325985800596241326e-02,-6.799034198211309499e-02,-7.289463250381639225e-02,-7.799296569323285744e-02,-8.330945530744529592e-02
8.854493073791459834e-02,7.889310079919883978e-02,7.033843337079560831e-02,6.278249978033685619e-02,5.613460701290331339e-02,5.031110717619844547e-02,4.523474717463838585e-02,4.083406249854300979e-02,3.704281799381371060e-02,3.379949747078917627e-02,3.104684304766279143e-02,2.873144421624065914e-02,2.680337577914669936e-02,2.521588305025425011e-02,2.392511204448514311e-02,2.288988181665913696e-02,2.207149564609569778e-02,2.143358740527428336e-02,2.094199919524015324e-02,2.056468617330742613e-02,2.027164443369648336e-02,2.003485782134032528e-02,1.982825965453513181e-02,1.962770549418765484e-02,1.941095331671845864e-02,1.915764771486730411e-02,1.884930505660764241e-02,1.846929686836638884e-02,1.800282906645020442e-02,1.743691503215791250e-02,1.676034090414714808e-02,1.596362183934000797e-02,1.503894836458648764e-02,1.398012229951021111e-02,1.278248207095114032e-02,1.144281755616512533e-02,9.959274880869575797e-03,8.331251855233189410e-03,6.559284952361388830e-03,4.644928916572086883e-03,2.590630230113822544e-03,3.995957647550785305e-04,-1.924342002854232585e-03,-4.376861827251569449e-03,-6.953291238389242707e-03,-9.648743540161467194e-03,-1.245825314680780449e-02,-1.537690832610912398e-02,-1.839998065124411747e-02,-2.152305074338051530e-02,-2.474213021422880243e-02,-2.805378009177055335e-02,-3.145522643341511215e-02,-3.494447429968089436e-02,-3.852042177959104363e-02,-4.218297632868107938e-02,-4.593317630534225759e-02,-4.977332127605274548e-02,-5.370711541140721357e-02,-5.773982912119393629e-02,-6.187848498876017539e-02,-6.613207507577491262e-02,-7.051181779436895003e-02,-7.503146380393151127e-02,-7.970766180772813347e-02
7.278915790220116810e-02,6.498108992839574105e-02,5.803497731017202843e-02,5.188061413709255804e-02,4.645202918388460778e-02,4.168724209389647328e-02,3.752800641982327601e-02,3.391954928390113894e-02,3.081031569643214937e-02,2.815172398382480290e-02,2.589793731838278823e-02,2.400565500955015655e-02,2.243392601061672265e-02,2.114398601746122694e-02,2.009911858802026011e-02,1.926453989299976161e-02,1.860730601847595742e-02,1.809624117623047368e-02,1.770188473290400591e-02,1.739645463770301062e-02,1.715382460250753499e-02,1.694951225887536550e-02,1.676067547403689226e-02,1.656611404259977077e-02,1.634627407231663970e-02,1.608325254101634211e-02,1.576079970803367578e-02,1.536431730795032383e-02,1.488085072838554561e-02,1.429907366864541750e-02,1.360926408446161591e-02,1.280327053854992021e-02,1.187446839053950785e-02,1.081770556672686373e-02,9.629237944367990618e-03,8.306654661628224551e-03,6.848793918165606634e-03,5.255650058455318442e-03,3.528272926716704942e-03,1.668660645553819363e-03,-3.203529024361515074e-04,-2.435214521875947620e-03,-4.671770663235553719e-03,-7.025387467114078445e-03,-9.491070501534621881e-03,-1.206358287440968853e-02,-1.473756051966335599e-02,-1.750762361290903943e-02,-2.036848327042026924e-02,-2.331504292262169195e-02,-2.634249402968782960e-02,-2.944640612140496730e-02,-3.262281149582051121e-02,-3.586828530137450149e-02,-3.918002215575186464e-02,-4.255591092292915212e-02,-4.599460978006839756e-02,-4.949562426141744520e-02,-5.305939157193911154e-02,-5.668737512530678396e-02,-6.038217398727777074e-02,-6.414765270646427542e-02,-6.798909790269973275e-02,-7.191340897375865515e-02,-7.592933139238089435e-02
5.609677007623406486e-02,5.020712465992790974e-02,4.493977371806211901e-02,4.025295313868824942e-02,3.610565730039407006e-02,3.245783033913508114e-02,2.927049279340334167e-02,2.650581909656822555e-02,2.412717899306961178e-02,2.209915379341573227e-02,2.038753643064093388e-02,1.895932252303949780e-02,1.778269807379904630e-02,1.682702803937239158e-02,1.606284876810431736e-02,1.546186624216306163e-02,1.499696114230010188e-02,1.464220098878001031e-02,1.437285898455156405e-02,1.416543868911370949e-02,1.399770327360225219e-02,1.384870783890058271e-02,1.369883310826293214e-02,1.352981872312563130e-02,1.332479436464144469e-02,1.306830698340374734e-02,1.274634253558076108e-02,1.234634078544077918e-02,1.185720193269964272e-02,1.126928404947701370e-02,1.057439055767776109e-02,9.765747235652776775e-03,8.837968505940402286e-03,7.787013017214840412e-03,6.610128787308077944e-03,5.305788414933441423e-03,3.873615090698195439e-03,2.314300338899997079e-03,6.295145967831363267e-04,-1.178188115712181308e-03,-3.105470067663690555e-03,-5.148312780591877968e-03,-7.302121586838186511e-03,-9.561830274704136504e-03,-1.192200433665884310e-02,-1.437694139725956624e-02,-1.692076749309693803e-02,-1.954752800722053124e-02,-2.225127222400017160e-02,-2.502613066593292745e-02,-2.786638460013532090e-02,-3.076652735781853706e-02,-3.372131739373975673e-02,-3.672582332354961537e-02,-3.977546151463159929e-02,-4.286602717053976386e-02,-4.599372024128821346e-02,-4.915516791320292955e-02,-5.234744588551750594e-02,-5.556810113028073927e-02,-5.881517936272298575e-02,-6.208726102784233730e-02,-6.538351024424428337e-02,-6.870374184883833169e-02,-7.204851246879234727e-02
3.873983918175648994e-02,3.481086587238380048e-02,3.126404167240406928e-02,2.808577025705362440e-02,2.525982033962450787e-02,2.276793390120388297e-02,2.059032097145726409e-02,1.870606187644095059e-02,1.709343483751716783e-02,1.573018409065968931e-02,1.459374126476988866e-02,1.366141058528108979e-02,1.291052653488642711e-02,1.231859089002784562e-02,1.186339454563597670e-02,1.152312822876258060e-02,1.127648507216195105e-02,1.110275705974859625e-02,1.098192655533617584e-02,1.089475347214070508e-02,1.082285812104626967e-02,1.074879937833720170e-02,1.065614752627715330e-02,1.052955093049474239e-02,1.035479561482010105e-02,1.011885676558404307e-02,9.809941232477718473e-03,9.417520181432490964e-03,8.932351186739011240e-03,8.346489215495170658e-03,7.653286148776618225e-03,6.847378692599067826e-03,5.924664750345772120e-03,4.882268550043696725e-03,3.718495038486752894e-03,2.432774264144966711e-03,1.025596667110598029e-03,-5.015596273104850787e-04,-2.146308258048061635e-03,-3.905439435455022000e-03,-5.775008616097612908e-03,-7.750427479151712935e-03,-9.826555592726778088e-03,-1.199779114355732645e-02,-1.425815911948124029e-02,-1.660139538050682886e-02,-1.902102513012862706e-02,-2.151043440254871500e-02,-2.406293331192215640e-02,-2.667180996474415033e-02,-2.933037411394174426e-02,-3.203198983097314823e-02,-3.477009668816527510e-02,-3.753821917568542915e-02,-4.032996432426592254e-02,-4.313900776478368781e-02,-4.595906872823934258e-02,-4.878387477438362457e-02,-5.160711733471633200e-02,-5.442239946716398435e-02,-5.722317754768267706e-02,-6.000269897163083149e-02,-6.275393830948354512e-02,-6.546953476311029307e-02,-6.814173420770390510e-02
2.099054380011152951e-02,1.903245892596504979e-02,1.721975874176366605e-02,1.556626872162347741e-02,1.407992368148752033e-02,1.276376866449531640e-02,1.161680094140112550e-02,1.063467912979032017e-02,9.810321806434520175e-03,9.134414752290490741e-03,8.595843086402304295e-03,8.182061978546267475e-03,7.879417352420830037e-03,7.673425977768079387e-03,7.549022580589825199e-03,7.490780057429334560e-03,7.483107545851476992e-03,7.510429963027462352e-03,7.557351662562653526e-03,7.608806061642496739e-03,7.650192441776865193e-03,7.667500612776489977e-03,7.647423737331177432e-03,7.577459329328259038e-03,7.445998249982068579e-03,7.242401419612419337e-03,6.957063927771841433e-03,6.581466249262703586e-03,6.108212347939573003e-03,5.531054564256167490e-03,4.844905327156501587e-03,4.045835897665825583e-03,3.131062532620740475e-03,2.098920645274697169e-03,9.488277285832783046e-04,-3.187640089526749994e-04,-1.702424171016650618e-03,-3.199808581405459533e-03,-4.807730147487825414e-03,-6.522234634465709155e-03,-8.338679709239600960e-03,-1.025181554145675362e-02,-1.225586520434339237e-02,-1.434460309953182987e-02,-1.651142963801041988e-02,-1.874944044268013130e-02,-2.105148839538730984e-02,-2.341023693082543849e-02,-2.581820307905074996e-02,-2.826778887489017969e-02,-3.075129988333352368e-02,-3.326094973203013588e-02,-3.578884969212075412e-02,-3.832698250371901344e-02,-4.086715979942339566e-02,-4.340096263549875211e-02,-4.591966479330154144e-02,-4.841413866096034441e-02,-5.087474364547647093e-02,-5.329119719692990836e-02,-5.565242864847881610e-02,-5.794641618795196014e-02,-6.016000737922091307e-02,-6.227872374497580438e-02,-6.428655000846271450e-02
3.116769710860181619e-03,3.108668232999624564e-03,3.016267532866014761e-03,2.879625029784380064e-03,2.729840754681554099e-03,2.590420810051270381e-03,2.478440586263836246e-03,2.405538377851643671e-03,2.378765869804895343e-03,2.401318252009977932e-03,2.473163418903588043e-03,2.591586779361424245e-03,2.751665603968672744e-03,2.946684543616006572e-03,3.168501939225682254e-03,3.407874784554393213e-03,3.654748681670427768e-03,3.898517822531197014e-03,4.128258921828848599e-03,4.332942098502385285e-03,4.501620939330446339e-03,4.623603361785542064e-03,4.688604409475958211e-03,4.686881747328894461e-03,4.609354361177380073e-03,4.447704794320401361e-03,4.194465159378535195e-03,3.843087135554508829e-03,3.387996188160822750e-03,2.824630318667108609e-03,2.149463759957081967e-03,1.360016164109133100e-03,4.548479806930957729e-04,-5.664571150994576624e-04,-1.703321719886297103e-03,-2.954214937187561209e-03,-4.316702006205246772e-03,-5.787501835943561351e-03,-7.362550827405119069e-03,-9.037071256126551211e-03,-1.080564239754178667e-02,-1.266227251008331806e-02,-1.460046974631410040e-02,-1.661331004076494269e-02,-1.869350002387507731e-02,-2.083343303317161666e-02,-2.302523633362969085e-02,-2.526080771651302223e-02,-2.753183971688473800e-02,-2.982982977094798469e-02,-3.214607472162187007e-02,-3.447164817020893085e-02,-3.679735925941078623e-02,-3.911369155394281427e-02,-4.141072075519874884e-02,-4.367801004146405069e-02,-4.590448186078069370e-02,-4.807826501552096843e-02,-5.018651586190970432e-02,-5.221521240007447745e-02,-5.414891994664749325e-02,-5.597052695839556391e-02,-5.766094940763112631e-02,-5.919880189393294384e-02,-6.056003340748621067e-02
-1.462209130542722890e-02,-1.273082230366417641e-02,-1.114298000562141157e-02,-9.793874093705353528e-03,-8.630602784246366871e-03,-7.610362133964505144e-03,-6.698992251393871833e-03,-5.869725653556665500e-03,-5.102107663853612529e-03,-4.381062885253739908e-03,-3.696085459901641505e-03,-3.040534089126993664e-03,-2.411015676032089976e-03,-1.806844000220941262e-03,-1.229562070505053634e-03,-6.825187531724119299e-04,-1.704919649349865868e-04,3.006478264780433076e-04,7.242388137892214351e-04,1.093097752640688177e-03,1.399761670858053588e-03,1.636703796859446253e-03,1.796525558810478781e-03,1.872126072012223873e-03,1.856850209378534643e-03,1.744616124457692898e-03,1.530022954908843427e-03,1.208439364145448558e-03,7.760735683368097512e-04,2.300255342669723182e-04,-4.316778893558328957e-04,-1.210064037921015131e-03,-2.105210697369389820e-03,-3.116256433143280765e-03,-4.241423696233768796e-03,-5.478053273185989544e-03,-6.822648504275029453e-03,-8.270927561083805252e-03,-9.817881955174698541e-03,-1.145783934641286458e-02,-1.318452863491903493e-02,-1.499114525593330839e-02,-1.687041455257417069e-02,-1.881465107729106065e-02,-2.081581166766252947e-02,-2.286554015425979608e-02,-2.495520158503752167e-02,-2.707590388892677086e-02,-2.921850494718488886e-02,-3.137360309026680089e-02,-3.353150908573244299e-02,-3.568219772383201399e-02,-3.781523713645888740e-02,-3.991969399645048378e-02,-4.198401273191102595e-02,-4.399586684835841977e-02,-4.594198037397540652e-02,-4.780791732384189613e-02,-4.957783691130354664e-02,-5.123421201184758661e-02,-5.275750809983505846e-02,-5.412581952342027797e-02,-5.531445954947687010e-02,-5.629550008895846391e-02,-5.703725639343009551e-02
-3.197907916860081440e-02,-2.826688521416962155e-02,-2.506348931330269758e-02,-2.228153585232752615e-02,-1.984801199061463073e-02,-1.770226973490485189e-02,-1.579431633817095920e-02,-1.408333473327884854e-02,-1.253640078097567612e-02,-1.112736861958408749e-02,-9.835899409880834512e-03,-8.646612322823458638e-03,-7.548339762427268285e-03,-6.533471587979504391e-03,-5.597375531585751032e-03,-4.737883128390893428e-03,-3.954832314979752489e-03,-3.249659431844833125e-03,-2.625034712226935029e-03,-2.084536474484939735e-03,-1.632360179506581925e-03,-1.273059288342173918e-03,-1.011315476820733765e-03,-8.517362508108807092e-04,-7.986783743056844690e-04,-8.560957878478638473e-04,-1.027410871142933699e-03,-1.315408004222350449e-03,-1.722148418466124551e-03,-2.248905313524529950e-03,-2.896118159173627880e-03,-3.663365012038410223e-03,-4.549351564732516048e-03,-5.551915517288036339e-03,-6.668044724958376891e-03,-7.893907438923932277e-03,-9.224892822633874376e-03,-1.065565980115093514e-02,-1.218019218774196374e-02,-1.379185793401270510e-02,-1.548347026917053053e-02,-1.724734843166856810e-02,-1.907537565279584721e-02,-2.095905202609548920e-02,-2.288953988730334232e-02,-2.485769933443675653e-02,-2.685411153354404570e-02,-2.886908747849841611e-02,-3.089265989842575333e-02,-3.291455602859556101e-02,-3.492414897402171259e-02,-3.691038539327978762e-02,-3.886168720642059482e-02,-4.076582497828762364e-02,-4.260976053969982302e-02,-4.437945627625617534e-02,-4.605964833010061515e-02,-4.763358071566244772e-02,-4.908269703750461899e-02,-5.038628610768067229e-02,-5.152107728127135883e-02,-5.246078075077862529e-02,-5.317556735014357383e-02,-5.363148160301571543e-02,-5.378978079131493950e-02
-4.872328035108640376e-02,-4.329414916244944678e-02,-3.856255436356871569e-02,-3.442076528974399863e-02,-3.077763597127490189e-02,-2.755638396826056227e-02,-2.469266324662758999e-02,-2.213288990924554278e-02,-1.983278500662801272e-02,-1.775610346964776737e-02,-1.587352249201763252e-02,-1.416166649342705773e-02,-1.260224915851661937e-02,-1.118131601057736381e-02,-9.888573576590892547e-03,-8.716793463892685140e-03,-7.661281628134165161e-03,-6.719404795315150544e-03,-5.890167433773851879e-03,-5.173833879878911128e-03,-4.571591226929459448e-03,-4.085249412069049887e-03,-3.716975601007644226e-03,-3.469060493749565044e-03,-3.343714573721788194e-03,-3.342892613796296427e-03,-3.468144950628951253e-03,-3.720494157318233932e-03,-4.100335796411101220e-03,-4.607361932569598723e-03,-5.240506037656844467e-03,-5.997907840612086254e-03,-6.876896569402687724e-03,-7.873990910850768923e-03,-8.984913883662293266e-03,-1.020462068710042275e-02,-1.152733745812722747e-02,-1.294660874827367920e-02,-1.445535142185208274e-02,-1.604591258232018758e-02,-1.771012905560222575e-02,-1.943938589895083391e-02,-2.122467136148855488e-02,-2.305662569690169333e-02,-2.492558121789246323e-02,-2.682159098298524808e-02,-2.873444351525398024e-02,-3.065366096473092633e-02,-3.256847813608636233e-02,-3.446779980429609536e-02,-3.634013372643229295e-02,-3.817349671983729514e-02,-3.995529110769370507e-02,-4.167214872390113262e-02,-4.330973951136676825e-02,-4.485254153213313888e-02,-4.628356892464609296e-02,-4.758405398287526150e-02,-4.873307908324581161e-02,-4.970715363680989346e-02,-5.047973058291460591e-02,-5.102065615230853141e-02,-5.129554569562896210e-02,-5.126507727854304197e-02,-5.088419346569320045e-02
-6.464306731806032658e-02,-5.762387582823530474e-02,-5.147181190270649909e-02,-4.606133229676189628e-02,-4.128537907900888676e-02,-3.705296248903865164e-02,-3.328705747675550497e-02,-2.992277050644307976e-02,-2.690573888774457079e-02,-2.419072996364173694e-02,-2.174041199964298413e-02,-1.952427262714249989e-02,-1.751766423960042507e-02,-1.570095886110675285e-02,-1.405879773862801080e-02,-1.257942328543305149e-02,-1.125408305584068777e-02,-1.007649719092570256e-02,-9.042382269909974429e-03,-8.149025759667208324e-03,-7.394906300303146635e-03,-6.779355921552427180e-03,-6.302260974405709398e-03,-5.963799104907738409e-03,-5.764210010833042443e-03,-5.703598023880947394e-03,-5.781764765735041348e-03,-5.998070250188751971e-03,-6.351320858819571591e-03,-6.839682616640982774e-03,-7.460618148048502735e-03,-8.210845612558369949e-03,-9.086317813773905905e-03,-1.008221955228129872e-02,-1.119298116146344446e-02,-1.241230603131751944e-02,-1.373320979513754404e-02,-1.514806873229653135e-02,-1.664867483127289299e-02,-1.822629486344022956e-02,-1.987173074186453225e-02,-2.157537838124715113e-02,-2.332728223494723307e-02,-2.511718266134757571e-02,-2.693455326222725030e-02,-2.876862533672101124e-02,-3.060839660126738609e-02,-3.244262133304591511e-02,-3.425977909519512671e-02,-3.604801918912453607e-02,-3.779507794423965505e-02,-3.948816588946243294e-02,-4.111382174455166516e-02,-4.265773001243566148e-02,-4.410449873619128047e-02,-4.543739369519618487e-02,-4.663802494319161523e-02,-4.768598112482863582e-02,-4.855840643425918951e-02,-4.922951438586984502e-02,-4.967003173814334843e-02,-4.984656492954039203e-02,-4.972088023018720465e-02,-4.924908746174308516e-02,-4.838071556307408511e-02
-7.954891756449873619e-02,-7.108647405501360150e-02,-6.363948337184728576e-02,-5.706737029374883696e-02,-5.124958207210464356e-02,-4.608302508878778236e-02,-4.147982847571124454e-02,-3.736538972966253064e-02,-3.367666323347279222e-02,-3.036065785504439909e-02,-2.737311449027899149e-02,-2.467733858800435706e-02,-2.224316638379270766e-02,-2.004604681208544889e-02,-1.806622389814565438e-02,-1.628800688809920946e-02,-1.469911749082746140e-02,-1.329010541261605935e-02,-1.205382489551505044e-02,-1.098496625269094161e-02,-1.007963745594264195e-02,-9.334991697164608110e-03,-8.748897539935681505e-03,-8.319648820678055695e-03,-8.045711870236411239e-03,-7.925507923898468185e-03,-7.957228786971639115e-03,-8.138683938891420194e-03,-8.467177305133716247e-03,-8.939411915534727429e-03,-9.551420611597817231e-03,-1.029852087466039991e-02,-1.117529173117275294e-02,-1.217557055967440766e-02,-1.329246748430743495e-02,-1.451839489891755021e-02,-1.584510953004380704e-02,-1.726376432146929998e-02,-1.876496731154375305e-02,-2.033884458015648711e-02,-2.197510426687323409e-02,-2.366309860602835990e-02,-2.539188088796654960e-02,-2.715025423641966723e-02,-2.892680908722237640e-02,-3.070994625902560837e-02,-3.248788251696776291e-02,-3.424863553885192091e-02,-3.597998519259213573e-02,-3.766940801485422347e-02,-3.930398173433601039e-02,-4.087025659863372656e-02,-4.235409013010401486e-02,-4.374044174202229573e-02,-4.501312337972757788e-02,-4.615450200006574605e-02,-4.714514925367851300e-02,-4.796343317541830464e-02,-4.858504600450497951e-02,-4.898246143284115672e-02,-4.912431360017942283e-02,-4.897468899899806022e-02,-4.849232109701957089e-02,-4.762967590418271807e-02,-4.633191487167566402e-02
-9.327577546638624040e-02,-8.353361860084226875e-02,-7.493227552527835511e-02,-6.731908087180471512e-02,-6.056255041882510626e-02,-5.454972307301284712e-02,-4.918383653550522511e-02,-4.438229081644807367e-02,-4.007485977482463935e-02,-3.620211626248471398e-02,-3.271404128270923722e-02,-2.956879186980759799e-02,-2.673160619115409406e-02,-2.417382770134791914e-02,-2.187203307560601009e-02,-1.980725115265253439e-02,-1.796426226284775912e-02,-1.633096914082096673e-02,-1.489783215751507191e-02,-1.365736288621073949e-02,-1.260367107019156989e-02,-1.173206091309209401e-02,-1.103867329100115258e-02,-1.052017101012929327e-02,-1.017346462526788967e-02,-9.995476610518541638e-03,-9.982941851409635886e-03,-1.013224252171386272e-02,-1.043927543299383656e-02,-1.089934991300962712e-02,-1.150711419251268519e-02,-1.225650816958867052e-02,-1.314074028666285983e-02,-1.415228610671795222e-02,-1.528290602045620332e-02,-1.652367936238388971e-02,-1.786505206743652097e-02,-1.929689486608830370e-02,-2.080856889909372953e-02,-2.238899553613167906e-02,-2.402672710749209975e-02,-2.571001520512538469e-02,-2.742687317811959638e-02,-2.916512943588722706e-02,-3.091246817656716564e-02,-3.265645417353498642e-02,-3.438453827325197582e-02,-3.608404027542217590e-02,-3.774210587274465928e-02,-3.934563431244165327e-02,-4.088117339415067719e-02,-4.233477832673094438e-02,-4.369183081736994351e-02,-4.493681454688133736e-02,-4.605304288170714716e-02,-4.702233427210917444e-02,-4.782463027340761591e-02,-4.843755048865312079e-02,-4.883587795193632813e-02,-4.899096753559607081e-02,-4.887006885383963356e-02,-4.843555382868271197e-02,-4.764403755649246341e-02,-4.644537933446089145e-02,-4.478154863977041461e-02
-1.056849288554781024e-01,-9.483994852414148746e-02,-8.523691758975436572e-02,-7.671412475225385108e-02,-6.913181233711999940e-02,-6.236947611165116062e-02,-5.632349883366279120e-02,-5.090507148880252936e-02,-4.603836227011808002e-02,-4.165889885674747134e-02,-3.771213448161825355e-02,-3.415217266430406462e-02,-3.094062935159025071e-02,-2.804561458655538062e-02,-2.544081875313630378e-02,-2.310469095611919835e-02,-2.101969923623609945e-02,-1.917166412587039889e-02,-1.754915856021474485e-02,-1.614296840630231877e-02,-1.494560888977639578e-02,-1.395089301504776405e-02,-1.315354871410137801e-02,-1.254888194544205929e-02,-1.213248331795291346e-02,-1.189997605321478462e-02,-1.184680324084722708e-02,-1.196805240000665786e-02,-1.225831535043025132e-02,-1.271158133140575311e-02,-1.332116119888931104e-02,-1.407964039091012635e-02,-1.497885818975253254e-02,-1.600991063568335884e-02,-1.716317426978521479e-02,-1.842834771040653685e-02,-1.979450790547953448e-02,-2.125017775704170567e-02,-2.278340168912711822e-02,-2.438182562894324404e-02,-2.603277779578892087e-02,-2.772334664299769963e-02,-2.944045227437101786e-02,-3.117090765567136906e-02,-3.290146595982002681e-02,-3.461885041597637797e-02,-3.630976307059821662e-02,-3.796086890429432176e-02,-3.955875177170536244e-02,-4.108983863133414821e-02,-4.254028849550302999e-02,-4.389584244371767113e-02,-4.514163089113079619e-02,-4.626193407247020800e-02,-4.723989137541735606e-02,-4.805715472069267691e-02,-4.869348062386164022e-02,-4.912625487106403455e-02,-4.932994288221907025e-02,-4.927545780461743685e-02,-4.892943715909101737e-02,-4.825341742873798939e-02,-4.720289431016744253e-02,-4.572625440671665431e-02,-4.376356189188707752e-02
-1.166653812431051596e-01,-1.049043282419667850e-01,-9.446131993814811667e-02,-8.516868578441894044e-02,-7.688109483903748931e-02,-6.947286618319058193e-02,-6.283560639599859721e-02,-5.687612846095983776e-02,-5.151461262838270827e-02,-4.668297533884589040e-02,-4.232341732387891187e-02,-3.838712644952171210e-02,-3.483311477460820232e-02,-3.162717268779720314e-02,-2.874092590336320072e-02,-2.615098357860549602e-02,-2.383816791040498442e-02,-2.178681731915531675e-02,-1.998415677660954695e-02,-1.841973001805053203e-02,-1.708488933251224584e-02,-1.597233937748244667e-02,-1.507573204292026424e-02,-1.438930981670417594e-02,-1.390759540033931901e-02,-1.362512550830463805e-02,-1.353622687348105327e-02,-1.363483248994023025e-02,-1.391433606710552710e-02,-1.436748255906106740e-02,-1.498629248185405320e-02,-1.576201755147024763e-02,-1.668512497642470754e-02,-1.774530753143816614e-02,-1.893151633143095106e-02,-2.023201302608805541e-02,-2.163443795153487462e-02,-2.312589061310563188e-02,-2.469301873646980935e-02,-2.632211201688748267e-02,-2.799919662007606391e-02,-2.971012644358490135e-02,-3.144066713361631793e-02,-3.317656886618281648e-02,-3.490362393892595255e-02,-3.660770527466773727e-02,-3.827478200187380691e-02,-3.989090834096815918e-02,-4.144218207742484533e-02,-4.291466892972543856e-02,-4.429428910810601777e-02,-4.556666229278787811e-02,-4.671690712143774377e-02,-4.772939104774315267e-02,-4.858742609891490705e-02,-4.927290560265621538e-02,-4.976587635733736165e-02,-5.004403996723366665e-02,-5.008217614271900237e-02,-4.985147965805498266e-02,-4.931880135013648470e-02,-4.844578201004196699e-02,-4.718786623953063336e-02,-4.549318128276164108e-02,-4.330126345585789960e-02
-1.261347097952486007e-01,-1.136506624798548637e-01,-1.025353465686958399e-01,-9.261820125916284119e-02,-8.375101192676751016e-02,-7.580528349348046591e-02,-6.866992745516375951e-02,-6.224921793259045183e-02,-5.646097831169689940e-02,-5.123496569561519776e-02,-4.651142547267240329e-02,-4.223979279880330645e-02,-3.837752170952446473e-02,-3.488902594489785847e-02,-3.174471843368466967e-02,-2.892013879063960041e-02,-2.639516018629728400e-02,-2.415326860258460578e-02,-2.218090883694446083e-02,-2.046689270391499268e-02,-1.900186574236934281e-02,-1.777782939992725991e-02,-1.678771616006569795e-02,-1.602501542523783115e-02,-1.548344819104676730e-02,-1.515668866017740035e-02,-1.503813096663058832e-02,-1.512069912578971505e-02,-1.539669820792158132e-02,-1.585770456497882092e-02,-1.649449273540611396e-02,-1.729699642074406310e-02,-1.825430068215808110e-02,-1.935466225483187599e-02,-2.058555463286883616e-02,-2.193373434543304662e-02,-2.338532463380163864e-02,-2.492591255511572915e-02,-2.654065538697229082e-02,-2.821439209127691097e-02,-2.993175551816438379e-02,-3.167728099186784690e-02,-3.343550691903984795e-02,-3.519106309325023552e-02,-3.692874243235762938e-02,-3.863355197135617120e-02,-4.029073903330428197e-02,-4.188578860417908195e-02,-4.340438803109278321e-02,-4.483235523245684279e-02,-4.615552663682739865e-02,-4.735960103626036394e-02,-4.842993543088587594e-02,-4.935128873432272079e-02,-5.010750888476838555e-02,-5.068115844511705131e-02,-5.105307315964865977e-02,-5.120184714888727229e-02,-5.110323745414653562e-02,-5.072947947615934899e-02,-5.004850347455480630e-02,-4.902304069009543602e-02,-4.760960579615589744e-02,-4.575734024632566871e-02,-4.340669861475316554e-02
-1.340394083345363696e-01,-1.210282645586141792e-01,-1.094112010849398881e-01,-9.901775848999387619e-02,-8.969946510005109841e-02,-8.132732465226809315e-02,-7.378959751004439405e-02,-6.698983229296760766e-02,-6.084511107233331328e-02,-5.528447704755892061e-02,-5.024751878305026842e-02,-4.568308961431566395e-02,-4.154814473019776550e-02,-3.780668173956552164e-02,-3.442877328987663937e-02,-3.138968258500166725e-02,-2.866905451490289400e-02,-2.625017662023865217e-02,-2.411930532381713344e-02,-2.226505381337632455e-02,-2.067783869432807814e-02,-1.934938307834886337e-02,-1.827227416027164819e-02,-1.743957358382737521e-02,-1.684447902557979770e-02,-1.648003545289602675e-02,-1.633889445145520272e-02,-1.641311988498957847e-02,-1.669403795825717685e-02,-1.717212951663438583e-02,-1.783696214463164828e-02,-1.867715933299804107e-02,-1.968040368124853237e-02,-2.083347080013141922e-02,-2.212229028670568975e-02,-2.353202987238689134e-02,-2.504719859958945763e-02,-2.665176467231884436e-02,-2.832928345581001497e-02,-3.006303097417198714e-02,-3.183613817548313490e-02,-3.363172120165316276e-02,-3.543300291452116529e-02,-3.722342098699962798e-02,-3.898671796339889944e-02,-4.070700881896496121e-02,-4.236882169543275400e-02,-4.395710764498651779e-02,-4.545721536501796944e-02,-4.685482703376651903e-02,-4.813585144343782846e-02,-4.928627065197682677e-02,-5.029193631513895202e-02,-5.113831169391130221e-02,-5.181015503584155552e-02,-5.229113958076499896e-02,-5.256340482241361051e-02,-5.260703285138046414e-02,-5.239944259962388967e-02,-5.191469359317825438e-02,-5.112268939045316873e-02,-4.998826922868030570e-02,-4.847017450349497270e-02,-4.651987453580884446e-02,-4.408023358745478959e-02
-1.403547236531300924e-01,-1.270117856097025266e-01,-1.150634332683592720e-01,-1.043421643365933654e-01,-9.470176243213392075e-02,-8.601494889372596209e-02,-7.817130132410753107e-02,-7.107539764788406433e-02,-6.464515094699269104e-02,-5.881030628193435056e-02,-5.351107598870872423e-02,-4.869689450175514189e-02,-4.432527759809594403e-02,-4.036077413834248534e-02,-3.677400097227138953e-02,-3.354075376458166141e-02,-3.064118816139194471e-02,-2.805906703190964163e-02,-2.578107054273487062e-02,-2.379616660320034091e-02,-2.209503979773444482e-02,-2.066957732617414820e-02,-1.951241072988751241e-02,-1.861651231079162680e-02,-1.797484516920443143e-02,-1.758006571034982993e-02,-1.742427731244517233e-02,-1.749883362511637716e-02,-1.779418968845305343e-02,-1.829979874308733032e-02,-1.900405225275262483e-02,-1.989426029505477270e-02,-2.095666910548009410e-02,-2.217651219526705492e-02,-2.353809111630131290e-02,-2.502488162543903966e-02,-2.661966071538656928e-02,-2.830464973703804982e-02,-3.006166864520196796e-02,-3.187229626059408238e-02,-3.371803135879301166e-02,-3.558044937262717922e-02,-3.744134952724196413e-02,-3.928288731375723791e-02,-4.108768734251402183e-02,-4.283893179250349015e-02,-4.452041987915578147e-02,-4.611659398501784940e-02,-4.761252832097221527e-02,-4.899387619075952494e-02,-5.024677209719714821e-02,-5.135768503072933588e-02,-5.231321929394676384e-02,-5.309985911245976298e-02,-5.370365303597903622e-02,-5.410983371817119914e-02,-5.430236805771812558e-02,-5.426343186920633277e-02,-5.397280222092672164e-02,-5.340715932428819618e-02,-5.253928838838364118e-02,-5.133717016566286678e-02,-4.976294700546444322e-02,-4.777174907868120962e-02,-4.531036298999724377e-02
-1.450840021070432528e-01,-1.316007202644290386e-01,-1.194885806500438630e-01,-1.085857010692375807e-01,-9.875046862211646348e-02,-8.985940370772674268e-02,-8.180525711194283622e-02,-7.449530123057440667e-02,-6.784978333659266725e-02,-6.180051505624181707e-02,-5.628957767573483650e-02,-5.126812748582113000e-02,-4.669528911217710188e-02,-4.253712776301499937e-02,-3.876569366605873285e-02,-3.535813378167140114e-02,-3.229586727173569538e-02,-2.956382226092190563e-02,-2.714973221543798276e-02,-2.504349083493916106e-02,-2.323656474358101395e-02,-2.172146350419226421e-02,-2.049126658653978653e-02,-1.953920691368275439e-02,-1.885831050392006852e-02,-1.844109153289939448e-02,-1.827930187353687952e-02,-1.836373384279265525e-02,-1.868407450642387002e-02,-1.922880947809265176e-02,-1.998517371023508099e-02,-2.093914632347389920e-02,-2.207548607148061837e-02,-2.337780360109174491e-02,-2.482866625461678523e-02,-2.640973078331159546e-02,-2.810189900759419573e-02,-2.988549117919810788e-02,-3.174043158011028570e-02,-3.364644073821748682e-02,-3.558322855365489423e-02,-3.753068261447069925e-02,-3.946904603475389489e-02,-4.137907926980863293e-02,-4.324220054573174599e-02,-4.504059977655780478e-02,-4.675732111975644534e-02,-4.837630962597846973e-02,-4.988241775397470046e-02,-5.126136782561135918e-02,-5.249966676455615489e-02,-5.358446966797041078e-02,-5.450338887309590791e-02,-5.524424516772916821e-02,-5.579475762249010845e-02,-5.614216816238017799e-02,-5.627279641866898829e-02,-5.617151959063201166e-02,-5.582117099194545268e-02,-5.520184966326801418e-02,-5.429013191712227238e-02,-5.305817396604567415e-02,-5.147269288680107052e-02,-4.949381108640116267e-02,-4.707374711409784140e-02
-1.482575716783985920e-01,-1.348185120293933503e-01,-1.227044666711374077e-01,-1.117615886789335156e-01,-1.018550046327054287e-01,-9.286693690552398628e-02,-8.469501824488770425e-02,-7.725076225215836423e-02,-7.045816091677929716e-02,-6.425238712556284593e-02,-5.857858577185590804e-02,-5.339074167377916985e-02,-4.865061605946611328e-02,-4.432674604912236610e-02,-4.039350353661293885e-02,-3.683021131035567330e-02,-3.362031528794703905e-02,-3.075061247193155642e-02,-2.821053473731757744e-02,-2.599148888407021643e-02,-2.408625356287557098e-02,-2.248843373219863717e-02,-2.119197324469190846e-02,-2.019072600337951107e-02,-1.947808588313025557e-02,-1.904667529072009632e-02,-1.888809184753748038e-02,-1.899271223359651553e-02,-1.934955174160948518e-02,-1.994617756771726105e-02,-2.076867332388506251e-02,-2.180165170905095165e-02,-2.302831173503703394e-02,-2.443053638197265065e-02,-2.598902606904211071e-02,-2.768346288153138504e-02,-2.949270010518563814e-02,-3.139497129333206071e-02,-3.336811283910631060e-02,-3.538979385075976397e-02,-3.743774703678873217e-02,-3.948999430173096709e-02,-4.152506083277244381e-02,-4.352217161908369242e-02,-4.546142458456572943e-02,-4.732393482192874534e-02,-4.909194478000342143e-02,-5.074889566163368754e-02,-5.227945571737453029e-02,-5.366950154742845813e-02,-5.490604892346637178e-02,-5.597712998157595987e-02,-5.687161388192572137e-02,-5.757896814093663163e-02,-5.808895777724627785e-02,-5.839127913393404173e-02,-5.847512471171532888e-02,-5.832867454672487767e-02,-5.793850858398010006e-02,-5.728893314702183936e-02,-5.636121302214432138e-02,-5.513269891623765601e-02,-5.357583816592619008e-02,-5.165705460080430300e-02,-4.933548136270186901e-02
-1.499311922990520241e-01,-1.367112888763390155e-01,-1.247491840673606855e-01,-1.139011804553466678e-01,-1.040410218130533998e-01,-9.505831790782523494e-02,-8.685711297086298743e-02,-7.935456427635639853e-02,-7.247970602240408344e-02,-6.617228124866436634e-02,-6.038163053879139208e-02,-5.506563075441601313e-02,-5.018968024540949868e-02,-4.572572916368235207e-02,-4.165135494960130191e-02,-3.794888398621958786e-02,-3.460456099223383625e-02,-3.160776806164927039e-02,-2.895029542682790724e-02,-2.662566606326798035e-02,-2.462851619205469120e-02,-2.295403358174403011e-02,-2.159745531248808900e-02,-2.055362634653406378e-02,-1.981661985592074113e-02,-1.937941979643946488e-02,-1.923366569445899774e-02,-1.936945903942364003e-02,-1.977523006064592359e-02,-2.043766302465125154e-02,-2.134167753201262827e-02,-2.247046263422459306e-02,-2.380555994591423974e-02,-2.532699130975871529e-02,-2.701342599469870598e-02,-2.884238188554689303e-02,-3.079045466603341774e-02,-3.283356861856067538e-02,-3.494724237174204329e-02,-3.710686272862991075e-02,-3.928795960978145180e-02,-4.146647514904566734e-02,-4.361902008673113756e-02,-4.572311081242631803e-02,-4.775738071299244492e-02,-4.970175987167784609e-02,-5.153761762989678141e-02,-5.324786304804739190e-02,-5.481699886555702061e-02,-5.623112513809678387e-02,-5.747788929129631769e-02,-5.854637983936323425e-02,-5.942696143203485964e-02,-6.011104916716532298e-02,-6.059082018791948909e-02,-6.085886042096008697e-02,-6.090774385733248308e-02,-6.072954099520574273e-02,-6.031525193991017775e-02,-5.965415821222840725e-02,-5.873308561295369212e-02,-5.753556863274392891e-02,-5.604090500338939490e-02,-5.422308715633093745e-02,-5.204959559225072474e-02
-1.501841141011699410e-01,-1.373462665179816800e-01,-1.256797990788804109e-01,-1.150529254810139651e-01,-1.053495818863656314e-01,-9.646819698872870219e-02,-8.832054792530313891e-02,-8.083067176359724770e-02,-7.393381299410260732e-02,-6.757539610825007148e-02,-6.171001864735378012e-02,-5.630046430759197418e-02,-5.131673824804005440e-02,-4.673512816712251106e-02,-4.253729539866149545e-02,-3.870940052852780283e-02,-3.524126803794419560e-02,-3.212559435036905359e-02,-2.935720345172634915e-02,-2.693235399152897613e-02,-2.484810146025212552e-02,-2.310171867323252554e-02,-2.169017736837641416e-02,-2.060969324014788259e-02,-1.985533618442023029e-02,-1.942070691973473914e-02,-1.929768048543439515e-02,-1.947621640402473139e-02,-1.994423454442844149e-02,-2.068755494700551256e-02,-2.168989908427727126e-02,-2.293294924822765826e-02,-2.439646199144452493e-02,-2.605843082094201277e-02,-2.789529266574108241e-02,-2.988217202699804467e-02,-3.199315618646623310e-02,-3.420159440780892735e-02,-3.648041372654593079e-02,-3.880244369705481561e-02,-4.114074235569125521e-02,-4.346891567190812322e-02,-4.576142289571417943e-02,-4.799386046845980497e-02,-5.014321754012973642e-02,-5.218809662195184051e-02,-5.410889348627095224e-02,-5.588793109010566085e-02,-5.750954302360176268e-02,-5.896010274319596345e-02,-6.022799560882272779e-02,-6.130353146477946630e-02,-6.217879613666552757e-02,-6.284744070541602168e-02,-6.330440769934164713e-02,-6.354559334657633451e-02,-6.356744468449654351e-02,-6.336648957198302845e-02,-6.293879646507813397e-02,-6.227935921591672142e-02,-6.138140022858720735e-02,-6.023558322488223316e-02,-5.882912487186194028e-02,-5.714479283183564878e-02,-5.515977651779152557e-02
-1.491167892869189326e-01,-1.368098634610224462e-01,-1.255708191352208070e-01,-1.152811388327925762e-01,-1.058361810393391306e-01,-9.714433746486138277e-02,-8.912620666699812289e-02,-8.171375801522520743e-02,-7.484947371577434228e-02,-6.848546666418375839e-02,-6.258257825569839283e-02,-5.710946371423183954e-02,-5.204167393279901521e-02,-4.736074306144049534e-02,-4.305329071189414880e-02,-3.911014703061394676e-02,-3.552550821548917936e-02,-3.229612940017812656e-02,-2.942056122397034360e-02,-2.689843583389494794e-02,-2.472980750673881012e-02,-2.291455250767641255e-02,-2.145183219908698008e-02,-2.033962276344802866e-02,-1.957431419979566850e-02,-1.915038049181243610e-02,-1.906012202991650556e-02,-1.929348050681774229e-02,-1.983792560636170321e-02,-2.067841188228616497e-02,-2.179740329196091023e-02,-2.317496192685311596e-02,-2.478889658375786273e-02,-2.661496596644836662e-02,-2.862713051383389273e-02,-3.079784613482368025e-02,-3.309839250768715352e-02,-3.549922808714345290e-02,-3.797036356829536219e-02,-4.048174529334079563e-02,-4.300363996286867690e-02,-4.550701203397090194e-02,-4.796388535500571010e-02,-5.034768090117042877e-02,-5.263352293228678452e-02,-5.479850648695670789e-02,-5.682191984411526925e-02,-5.868541640811449772e-02,-6.037313138577347221e-02,-6.187173959616045632e-02,-6.317045175167888826e-02,-6.426094752876511385e-02,-6.513724465379616690e-02,-6.579550399766141699e-02,-6.623377122024923236e-02,-6.645165574059377911e-02,-6.644994762896078155e-02,-6.623017232807945631e-02,-6.579408184454453579e-02,-6.514307920473282054e-02,-6.427757064901090667e-02,-6.319623750146177721e-02,-6.189521731314107100e-02,-6.036718222049528709e-02,-5.860030183082911431e-02
-1.468482883962335395e-01,-1.352055783877717798e-01,-1.245124741305793092e-01,-1.146646281190920463e-01,-1.055696639017258270e-01,-9.714676258271436049e-02,-8.932618017718653436e-02,-8.204867633290116591e-02,-7.526485312049423226e-02,-6.893441403040340143e-02,-6.302535898400919712e-02,-5.751313289366610793e-02,-5.237974479951099799e-02,-4.761287309960167413e-02,-4.320497061160868957e-02,-3.915238152684644840e-02,-3.545448087649179236e-02,-3.211284593545098154e-02,-2.913046799513503010e-02,-2.651101207888667891e-02,-2.425813139193990289e-02,-2.237484254120290089e-02,-2.086296679129360371e-02,-1.972264181684659640e-02,-1.895190755252029041e-02,-1.854636882553869007e-02,-1.849893648226966919e-02,-1.879964769715420161e-02,-1.943556509051445891e-02,-2.039075319597547994e-02,-2.164632972547786416e-02,-2.318058799886760571e-02,-2.496918585556101230e-02,-2.698539536793499380e-02,-2.920040674986416895e-02,-3.158367901853026405e-02,-3.410332924144848094e-02,-3.672655160021887771e-02,-3.942005704251579090e-02,-4.215052398670302014e-02,-4.488505039907520616e-02,-4.759159758912814842e-02,-5.023941626747029793e-02,-5.279944578478078243e-02,-5.524467801593085231e-02,-5.755047806466177807e-02,-5.969485483068475568e-02,-6.165867548785838870e-02,-6.342581904907138024e-02,-6.498326541407350998e-02,-6.632111757613472214e-02,-6.743255595697969507e-02,-6.831372508821226264e-02,-6.896355398517657609e-02,-6.938351246814759843e-02,-6.957730625390065593e-02,-6.955051372325903036e-02,-6.931016671027466491e-02,-6.886427631503280744e-02,-6.822130254278065131e-02,-6.738956359925599160e-02,-6.637657726638213074e-02,-6.518832361958742938e-02,-6.382841638277519936e-02,-6.229717035088458421e-02
-1.435134758226999097e-01,-1.326516870865482867e-01,-1.226088699213222916e-01,-1.132952341724759726e-01,-1.046310819505794770e-01,-9.654686640019082000e-02,-8.898307227335094938e-02,-8.188991070699612462e-02,-7.522684464036573371e-02,-6.896197314875854301e-02,-6.307130612073884313e-02,-5.753795902134634099e-02,-5.235129380872510091e-02,-4.750602806825056368e-02,-4.300133087045299868e-02,-3.883992098621032174e-02,-3.502718087700298216e-02,-3.157029818705199553e-02,-2.847744514526211190e-02,-2.575700520208462976e-02,-2.341685527212551687e-02,-2.146371104865072571e-02,-1.990254194681984057e-02,-1.873606128397598686e-02,-1.796429629836438988e-02,-1.758424153462495934e-02,-1.758959798654436898e-02,-1.797059919282959287e-02,-1.871392424314483049e-02,-1.980269638622024833e-02,-2.121656465915124773e-02,-2.293186469861433971e-02,-2.492185367331631665e-02,-2.715701311570310750e-02,-2.960541235275075678e-02,-3.223312426277608056e-02,-3.500468423862145712e-02,-3.788358253655581959e-02,-4.083277965193231329e-02,-4.381523400170796168e-02,-4.679443102222840406e-02,-4.973490281704569943e-02,-5.260272771957360399e-02,-5.536599957131551480e-02,-5.799525715693013700e-02,-6.046386507756775636e-02,-6.274833837486291921e-02,-6.482860442657978339e-02,-6.668819700308607767e-02,-6.831437887735491987e-02,-6.969819098775177635e-02,-7.083442781899301766e-02,-7.172154033314295796e-02,-7.236146936787336836e-02,-7.275941381131047214e-02,-7.292353890943081840e-02,-7.286463056341761779e-02,-7.259570118480163092e-02,-7.213155132697118832e-02,-7.148828867763885875e-02,-7.068280203112746463e-02,-6.973218290877730707e-02,-6.865308255430566109e-02,-6.746098885539036916e-02,-6.616940846736008019e-02
-1.392600024262926339e-01,-1.292788237782714622e-01,-1.199760834176518409e-01,-1.112763553810941775e-01,-1.031125615735311307e-01,-9.542654660742140582e-02,-8.816932919536586699e-02,-8.130104654711711731e-02,-7.479063813779165959e-02,-6.861532395135415408e-02,-6.275992908133198878e-02,-5.721609862978623007e-02,-5.198143833967949767e-02,-4.705860912669084656e-02,-4.245439809989569324e-02,-3.817878462032537473e-02,-3.424401708843526071e-02,-3.066371411658982277e-02,-2.745200223505740028e-02,-2.462270107948118583e-02,-2.218856595998263889e-02,-2.016059671355646329e-02,-1.854742072617293625e-02,-1.735475693967724817e-02,-1.658496651087294424e-02,-1.623669455947879606e-02,-1.630460613129183084e-02,-1.677921812356257536e-02,-1.764682748745168700e-02,-1.888953455770663731e-02,-2.048535888552106832e-02,-2.240844349205989988e-02,-2.462934204366619764e-02,-2.711538210206621696e-02,-2.983109635047696828e-02,-3.273871256506383914e-02,-3.579869211494231956e-02,-3.897030595518851531e-02,-4.221223644606059838e-02,-4.548319290502043921e-02,-4.874252859029476470e-02,-5.195084683643692858e-02,-5.507058432099203732e-02,-5.806655994073076782e-02,-6.090647851622785214e-02,-6.356137952147217218e-02,-6.600602224375753946e-02,-6.821920020762151093e-02,-7.018397933021292001e-02,-7.188785609420912659e-02,-7.332283400134592677e-02,-7.448541866753544127e-02,-7.537653408621321216e-02,-7.600136474167347445e-02,-7.636913028161296246e-02,-7.649280118294377040e-02,-7.638876501113622819e-02,-7.607645312273782212e-02,-7.557793653100310094e-02,-7.491749663283776839e-02,-7.412117118974259622e-02,-7.321626846610425343e-02,-7.223083395132469386e-02,-7.119304757213867907e-02,-7.013052941126662887e-02
-1.342451749815498918e-01,-1.252275217880297609e-01,-1.167402837947527361e-01,-1.087215411668684129e-01,-1.011162607653975504e-01,-9.387742727905511175e-02,-8.696664898495395923e-02,-8.035430539839992503e-02,-7.401933428783648294e-02,-6.794875194609623081e-02,-6.213698377359574976e-02,-5.658506387792458514e-02,-5.129974725589993290e-02,-4.629256713364917480e-02,-4.157886260102962306e-02,-3.717679682252387346e-02,-3.310638296581103202e-02,-2.938853290610417626e-02,-2.604414228822845082e-02,-2.309322436454258609e-02,-2.055410398887685605e-02,-1.844268212040058030e-02,-1.677178010950228920e-02,-1.555057186391012661e-02,-1.478411071144991769e-02,-1.447295638413261670e-02,-1.461290605472148271e-02,-1.519483177683912667e-02,-1.620462503370470597e-02,-1.762324741341541809e-02,-1.942688472788259638e-02,-2.158720020764982178e-02,-2.407168076654108563e-02,-2.684406876945756235e-02,-2.986487028435454508e-02,-3.309192948515220223e-02,-3.648105772408988257e-02,-3.998670483564462780e-02,-4.356265949272765392e-02,-4.716276492946940013e-02,-5.074163609009676307e-02,-5.425536427313708276e-02,-5.766219562362871753e-02,-6.092317038858583583e-02,-6.400271069440405247e-02,-6.686914572749644292e-02,-6.949516459631639720e-02,-7.185818881621072740e-02,-7.394065827756121645e-02,-7.573022671855582366e-02,-7.721986510848811991e-02,-7.840787393039448661e-02,-7.929780809499442640e-02,-7.989832105988309285e-02,-8.022293756571256818e-02,-8.028976706016355269e-02,-8.012117206962990346e-02,-7.974340702918296386e-02,-7.918624268412001455e-02,-7.848258815870229332e-02,-7.766811604241145861e-02,-7.678088461963479550e-02,-7.586093641221657025e-02,-7.494983766636469091e-02,-7.409011860346875755e-02
-1.286327629648640336e-01,-1.206458042454385121e-01,-1.130359880959603130e-01,-1.057532636590476777e-01,-9.875351162086309920e-02,-9.200025098654389388e-02,-8.546553194878052373e-02,-7.913018931433687952e-02,-7.298363887456776888e-02,-6.702336264879926730e-02,-6.125418674555094256e-02,-5.568742209666911747e-02,-5.033991561350445454e-02,-4.523304519895084835e-02,-4.039168371346464614e-02,-3.584315219709399702e-02,-3.161617988106091987e-02,-2.773988684197528642e-02,-2.424280400189194121e-02,-2.115194423650829103e-02,-1.849193744002236919e-02,-1.628424140838853965e-02,-1.454643929074677863e-02,-1.329163309836565131e-02,-1.252794134638244086e-02,-1.225810734286994323e-02,-1.247922294774694331e-02,-1.318257082252620449e-02,-1.435358630741757208e-02,-1.597193812510357136e-02,-1.801172515352454651e-02,-2.044178456804164601e-02,-2.322610476220749592e-02,-2.632433465212338439e-02,-2.969237928753189204e-02,-3.328307016767138166e-02,-3.704689732386260564e-02,-4.093278911362181055e-02,-4.488892479952221598e-02,-4.886356438323957718e-02,-5.280587985051159866e-02,-5.666677197130506188e-02,-6.039965710232519241e-02,-6.396120906302574238e-02,-6.731204210455329906e-02,-7.041732226325400634e-02,-7.324729598338594605e-02,-7.577772680243000103e-02,-7.799023311066539954e-02,-7.987252251789755952e-02,-8.141852117771905539e-02,-8.262839952570245894e-02,-8.350849926998604733e-02,-8.407117010458861617e-02,-8.433452843842868807e-02,-8.432215431753356527e-02,-8.406274639850096209e-02,-8.358975779260564842e-02,-8.294103690766314874e-02,-8.215849550823442482e-02,-8.128781878128643612e-02,-8.037821648783617656e-02,-7.948218869443667012e-02,-7.865524771511843427e-02,-7.795551552635988923e-02
-1.225898028296295295e-01,-1.156869438240451797e-01,-1.090046000603719645e-01,-1.025020128143950826e-01,-9.614426982276014222e-02,-8.990453153921451612e-02,-8.376503664626384904e-02,-7.771727887236026810e-02,-7.176166678912573871e-02,-6.590687028187951213e-02,-6.016897543381763414e-02,-5.457051884555481208e-02,-4.913944433160646885e-02,-4.390801050626334801e-02,-3.891167077917859901e-02,-3.418794405498725569e-02,-2.977529297481817938e-02,-2.571202581717224600e-02,-2.203523767365958216e-02,-1.877980597895208270e-02,-1.597745478482325010e-02,-1.365590127301504440e-02,-1.183809688287518723e-02,-1.054157408783836826e-02,-9.777908301618060474e-03,-9.552302649734971049e-03,-9.863301429776333978e-03,-1.070263603426671768e-02,-1.205520495681922273e-02,-1.389918728206777053e-02,-1.620628681193280254e-02,-1.894210174589905024e-02,-2.206661265292991433e-02,-2.553477938923611953e-02,-2.929723567045780866e-02,-3.330106823849261072e-02,-3.749066600952066786e-02,-4.180862328509059311e-02,-4.619668008321096975e-02,-5.059668192792707991e-02,-5.495154104606919665e-02,-5.920618087624930637e-02,-6.330844611051127113e-02,-6.720996117145382198e-02,-7.086692108108606780e-02,-7.424080010256269013e-02,-7.729896533019442462e-02,-8.001518456355108389e-02,-8.237002032558489450e-02,-8.435110477293558673e-02,-8.595329350475500174e-02,-8.717869991799614970e-02,-8.803661580430958977e-02,-8.854332836450615196e-02,-8.872184875293065431e-02,-8.860157263984667908e-02,-8.821789896728447766e-02,-8.761183868017952125e-02,-8.682964978796897659e-02,-8.592253662914980938e-02,-8.494644583581750785e-02,-8.396197291341195301e-02,-8.303435353052623924e-02,-8.223344865331126685e-02,-8.163356031945739888e-02
-1.162834584680820516e-01,-1.105075678958331170e-01,-1.047934549705333285e-01,-9.910591690848809254e-02,-9.341702224125043863e-02,-8.770856736018173283e-02,-8.197280262106777793e-02,-7.621222087747027418e-02,-7.043887701138487611e-02,-6.467347389056699036e-02,-5.894432325395596028e-02,-5.328623067504680705e-02,-4.773932928622252880e-02,-4.234787841814322690e-02,-3.715904133057976177e-02,-3.222165655176196380e-02,-2.758501823234529166e-02,-2.329768167745939825e-02,-1.940631061876795654e-02,-1.595458277630304803e-02,-1.298216984694612088e-02,-1.052380727096150805e-02,-8.608468001767548977e-03,-7.258653069088473984e-03,-6.489810013971214313e-03,-6.309888319380664752e-03,-6.719038797926598153e-03,-7.709461567187912007e-03,-9.265404784410898736e-03,-1.136331377004558274e-02,-1.397212756981311074e-02,-1.705371743547362540e-02,-2.056345919366665831e-02,-2.445092906853211720e-02,-2.866071027474941316e-02,-3.313329564878828709e-02,-3.780606978050855133e-02,-4.261435258427474781e-02,-4.749248504379816743e-02,-5.237493700855905265e-02,-5.719741643726748703e-02,-6.189795939528507790e-02,-6.641798043259758422e-02,-7.070326370579142761e-02,-7.470487636567445244e-02,-7.837998731184457613e-02,-8.169257641418212201e-02,-8.461402171581816622e-02,-8.712355496164521373e-02,-8.920857904586303178e-02,-9.086484465742263039e-02,-9.209648755727030400e-02,-9.291593260559649625e-02,-9.334367596510306786e-02,-9.340796297263283254e-02,-9.314438616627913892e-02,-9.259543604179383547e-02,-9.181004631559191997e-02,-9.084318533357832459e-02,-8.975555404304193241e-02,-8.861345394084728377e-02,-8.748887498642783644e-02,-8.645980331538656583e-02,-8.561063277138321326e-02,-8.503237165599755731e-02
-1.098779940584530962e-01,-1.052664141003063630e-01,-1.005557345697681015e-01,-9.571117693386596570e-02,-9.070933397505771822e-02,-8.553991191825581486e-02,-8.020538425972216501e-02,-7.471992344800944263e-02,-6.910814471869244913e-02,-6.340382303705932587e-02,-5.764861083493079408e-02,-5.189074893484693640e-02,-4.618376114815261196e-02,-4.058512979151202710e-02,-3.515495663591788889e-02,-2.995461947966324839e-02,-2.504543845129851218e-02,-2.048736861091986564e-02,-1.633773676878749748e-02,-1.265004094216896392e-02,-9.472830706854418539e-03,-6.848685992170980112e-03,-4.813310702743773227e-03,-3.394755989833710824e-03,-2.612786091465171129e-03,-2.478397460534332696e-03,-2.993499449537598278e-03,-4.150762166572220108e-03,-5.933634309117237146e-03,-8.316530871480683554e-03,-1.126518766249899953e-02,-1.473717661742294897e-02,-1.868257299797579721e-02,-2.304476280318923029e-02,-2.776137611550593548e-02,-3.276532973431621476e-02,-3.798596035196664250e-02,-4.335022775069117401e-02,-4.878396608335135859e-02,-5.421316028124577996e-02,-5.956522403736195376e-02,-6.477025566563335279e-02,-6.976224845178211065e-02,-7.448023289850924655e-02,-7.886932953057783358e-02,-8.288169266223993636e-02,-8.647732773565910969e-02,-8.962476750867900965e-02,-9.230159550022876136e-02,-9.449480869624794777e-02,-9.620101559784879908e-02,-9.742647030231144090e-02,-9.818694853467239969e-02,-9.850747754745414753e-02,-9.842193883243305352e-02,-9.797257103865703032e-02,-9.720941095211603489e-02,-9.618972365138871161e-02,-9.497748984645544568e-02,-9.364303914469894463e-02,-9.226293999424646508e-02,-9.092026909440589777e-02,-8.970535151537978313e-02,-8.871690722794751960e-02,-8.806312145567585237e-02
-1.035319120088209754e-01,-1.001243597018406789e-01,-9.645189191657892180e-02,-9.247372174275703127e-02,-8.816922408716200421e-02,-8.353636117980763054e-02,-7.858889797693026369e-02,-7.335394268777588322e-02,-6.786995395923381413e-02,-6.218506111772396233e-02,-5.635554636417110935e-02,-5.044439117247412341e-02,-4.451983451681330167e-02,-3.865392075122402182e-02,-3.292103358531221768e-02,-2.739642378482655058e-02,-2.215474485525875670e-02,-1.726861479337262958e-02,-1.280722403148459171e-02,-8.835010532868571229e-03,-5.410422957477544099e-03,-2.584792102190621235e-03,-4.013295517333360669e-04,1.105729261012339086e-03,1.911822528960696295e-03,2.002587513840711417e-03,1.374204179118608798e-03,3.355025982926547993e-05,-2.001835774401180320e-03,-4.703984074127264686e-03,-8.034911899481222627e-03,-1.194722466919104914e-02,-1.638488966925098073e-02,-2.128416932748347298e-02,-2.657469796053787275e-02,-3.218068315467498275e-02,-3.802221050773435529e-02,-4.401662838899553232e-02,-5.007998771255645076e-02,-5.612851050815730047e-02,-6.208006034366118919e-02,-6.785558743056624431e-02,-7.338052154495700030e-02,-7.858608673036367176e-02,-8.341051311785699363e-02,-8.780012309768270296e-02,-9.171027149626395647e-02,-9.510612234048022862e-02,-9.796324821708526920e-02,-1.002680421552945289e-01,-1.020179363870699629e-01,-1.032214273141076610e-01,-1.038979116262184754e-01,-1.040773449536236128e-01,-1.037997420246505459e-01,-1.031145466192561339e-01,-1.020799116576377036e-01,-1.007619462413319594e-01,-9.923401017799442225e-02,-9.757617179135322227e-02,-9.587499706995067372e-02,-9.422390933283937564e-02,-9.272442605472025479e-02,-9.148852298086067314e-02,-9.064177165439943340e-02
-9.739530431527315679e-02,-9.524722065175084129e-02,-9.265375138484294171e-02,-8.956259362974565430e-02,-8.595747891175309352e-02,-8.184741006331999746e-02,-7.725990297420146091e-02,-7.223699443002934428e-02,-6.683266624744131634e-02,-6.111091991932961903e-02,-5.514412101756178963e-02,-4.901143344038855210e-02,-4.279726344554406203e-02,-3.658968344900234010e-02,-3.047883139868378527e-02,-2.455529534445518441e-02,-1.890850041747256863e-02,-1.362511960712706888e-02,-8.787531872614532183e-03,-4.472351957709105874e-03,-7.490561664815681203e-04,2.321272487368865409e-03,4.687057799152055844e-03,6.307182580252591354e-03,7.151762011360247688e-03,7.202723435777046677e-03,6.454181062986379808e-03,4.912597508034318057e-03,2.596727762341707619e-03,-4.626549915618117766e-04,-4.223248416136363842e-03,-8.631917704950628489e-03,-1.362558889372548002e-02,-1.913232409207688001e-02,-2.507256047006144184e-02,-3.136049165881231449e-02,-3.790556740175386741e-02,-4.461408488177011356e-02,-5.139084320329333211e-02,-5.814083107193090960e-02,-6.477091682480075330e-02,-7.119150964989079400e-02,-7.731816111065081820e-02,-8.307307697119326040e-02,-8.838651079709665404e-02,-9.319801287741895368e-02,-9.745751065837253424e-02,-1.011262000762508384e-01,-1.041772309028291682e-01,-1.065961734500872199e-01,-1.083812587136114974e-01,-1.095433892808858056e-01,-1.101059241539425609e-01,-1.101042471827398395e-01,-1.095851363783587884e-01,-1.086059605627723856e-01,-1.072337417489975242e-01,-1.055441385364546264e-01,-1.036204320202201434e-01,-1.015526400913206728e-01,-9.943696661270859383e-02,-9.737594469773082351e-02,-9.547992011035437432e-02,-9.387098684271440174e-02,-9.269073859872242749e-02
-9.160746044775348873e-02,-9.081546712085110384e-02,-8.935329916545925455e-02,-8.716542221256402823e-02,-8.425068750913181082e-02,-8.063589674014341735e-02,-7.636630889051790327e-02,-7.150146518736237577e-02,-6.611279597202859848e-02,-6.028183050137098098e-02,-5.409858347099778808e-02,-4.765995717061212444e-02,-4.106810134294085202e-02,-3.442871709237937256e-02,-2.784931203534524516e-02,-2.143742452665637829e-02,-1.529884054635572734e-02,-9.535829965052857946e-03,-4.245430454202064538e-03,4.821922374965505230e-04,4.565279311050950833e-03,7.931882017178220126e-03,1.052110732404132679e-02,1.228418293395402462e-02,1.318532122197754383e-02,1.320236490933100401e-02,1.232720091205718321e-02,1.056593275433527490e-02,7.938806134591473024e-03,4.479886604493534853e-03,2.364927853384261110e-04,-4.731606980262546662e-03,-1.035322224602609059e-02,-1.654697581681735530e-02,-2.322272631545476557e-02,-3.028315376670876261e-02,-3.762548073238913132e-02,-4.514329872685415856e-02,-5.272846736519155170e-02,-6.027305199847832889e-02,-6.767126451365533535e-02,-7.482137155052617783e-02,-8.162753463461334957e-02,-8.800154764970682941e-02,-9.386443867376917383e-02,-9.914790546087635936e-02,-1.037955567439757115e-01,-1.077639350232377918e-01,-1.110233005505932152e-01,-1.135581607772320478e-01,-1.153675345539165870e-01,-1.164649458311016600e-01,-1.168781474894927813e-01,-1.166485822854098769e-01,-1.158305948627360443e-01,-1.144904167051201821e-01,-1.127049555228464006e-01,-1.105604335037695396e-01,-1.081509387298921765e-01,-1.055769894833602368e-01,-1.029442842228610600e-01,-1.003629824556022399e-01,-9.794832265705967489e-02,-9.582476558241903586e-02,-9.414045166065027059e-02
-8.629476897196225460e-02,-8.705388818013415353e-02,-8.677855585939027450e-02,-8.549510841604394951e-02,-8.324395199681507151e-02,-8.007918027739986677e-02,-7.606797039574281216e-02,-7.128976114847908330e-02,-6.583522160052425465e-02,-5.980502224954932500e-02,-5.330842475966544175e-02,-4.646170995320005742e-02,-3.938646714932585169e-02,-3.220777099060100762e-02,-2.505227453565381929e-02,-1.804624955751694612e-02,-1.131360661986334504e-02,-4.973928564323694401e-03,8.594485017136077945e-04,6.081272797596144059e-03,1.059609992934148689e-02,1.431986974428274551e-02,1.718130736667231040e-02,1.912312145110247122e-02,2.010297589354653053e-02,2.009421494443104292e-02,1.908632581300671177e-02,1.708512736644177826e-02,1.411267833114509748e-02,1.020690341151208810e-02,5.420940860894313262e-03,-1.777798242865421055e-04,-6.508716360929097701e-03,-1.347962968234392780e-02,-2.098821428010819862e-02,-2.892391543753256369e-02,-3.716990211928801469e-02,-4.560516102300576219e-02,-5.410667463914355102e-02,-6.255164416434269570e-02,-7.081971681833228172e-02,-7.879517655983472868e-02,-8.636905740385106278e-02,-9.344113951789341510e-02,-9.992179001031267771e-02,-1.057336127973855788e-01,-1.108128751103789472e-01,-1.151106820287359361e-01,-1.185938748369713552e-01,-1.212456339250975318e-01,-1.230657722988531405e-01,-1.240707114410235651e-01,-1.242931371655379147e-01,-1.237813391230407067e-01,-1.225982436379229185e-01,-1.208201554685460755e-01,-1.185352297714296482e-01,-1.158417009061875197e-01,-1.128458996356525856e-01,-1.096600946565902401e-01,-1.064001981513408024e-01,-1.031833781011206042e-01,-1.001256223813684759e-01,-9.733930111614227942e-02,-9.493077436467305119e-02
