0.000000000000000000e+00,0.000000000000000000e+00,0.000000000000000000e+00,0.000000000000000000e+00,0.000000000000000000e+00,0.000000000000000000e+00,0.000000000000000000e+00,0.000000000000000000e+00,0.000000000000000000e+00,0.000000000000000000e+00,0.000000000000000000e+00,0.000000000000000000e+00,0.000000000000000000e+00,0.000000000000000000e+00,0.000000000000000000e+00,0.000000000000000000e+00,0.000000000000000000e+00,0.000000000000000000e+00,0.000000000000000000e+00,0.000000000000000000e+00,0.000000000000000000e+00,0.000000000000000000e+00,0.000000000000000000e+00,0.000000000000000000e+00,0.000000000000000000e+00,0.000000000000000000e+00,0.000000000000000000e+00,0.000000000000000000e+00,0.000000000000000000e+00,0.000000000000000000e+00,0.000000000000000000e+00,0.000000000000000000e+00,0.000000000000000000e+00,0.000000000000000000e+00,0.000000000000000000e+00,0.000000000000000000e+00,0.000000000000000000e+00,0.000000000000000000e+00,0.000000000000000000e+00,0.000000000000000000e+00,0.000000000000000000e+00,0.000000000000000000e+00,0.000000000000000000e+00,0.000000000000000000e+00,0.000000000000000000e+00,0.000000000000000000e+00,0.000000000000000000e+00,0.000000000000000000e+00,0.000000000000000000e+00,0.000000000000000000e+00,0.000000000000000000e+00,0.000000000000000000e+00,0.000000000000000000e+00,0.000000000000000000e+00,0.000000000000000000e+00,0.000000000000000000e+00,0.000000000000000000e+00,0.000000000000000000e+00,0.000000000000000000e+00,0.000000000000000000e+00,0.000000000000000000e+00,0.000000000000000000e+00,0.000000000000000000e+00,0.000000000000000000e+00,0.000000000000000000e+00
0.000000000000000000e+00,6.924819273900236882e-06,1.101178204119767265e-05,1.317872265031907257e-05,1.406660963703603728e-05,1.412078760061992255e-05,1.364880622415213835e-05,1.286146105477020281e-05,1.190183559086568530e-05,1.086579493554235451e-05,9.816407884958256797e-06,8.794069506258807032e-06,7.823587789936990817e-06,6.919132461530745206e-06,6.087682238911780477e-06,5.331419954829205090e-06,4.649392039590253569e-06,4.038654622723199173e-06,3.495061924839770224e-06,3.013805711415510231e-06,2.589781651081896016e-06,2.217835370580541505e-06,1.892924909447864600e-06,1.610225077303173708e-06,1.365191438287545808e-06,1.153596256008121171e-06,9.715450010374409861e-07,8.154794422899127307e-07,6.821715580401836271e-07,5.687112648469390798e-07,4.724901020154498450e-07,3.911824073279395879e-07,3.227250953638143359e-07,2.652968471863852829e-07,2.172973015265689606e-07,1.773266770352880575e-07,1.441661352091401195e-07,1.167591023840484106e-07,9.419369873870899326e-08,7.568636713267136752e-08,6.056675112553026857e-08,4.826383713032870350e-08,3.829334854501944820e-08,3.024635857214925575e-08,2.377907229077928430e-08,1.860371660666655099e-08,1.448046833508497985e-08,1.121034531666431612e-08,8.628982647996308131e-09,6.601215394234311105e-09,5.016390151826334897e-09,3.784330195545434252e-09,2.831882361153184604e-09,2.099978004785056007e-09,1.541145098658496564e-09,1.117413560072654281e-09,7.985610897226356669e-10,5.606519700115015431e-10,3.848263272385179012e-10,2.563022027531547729e-10,1.635573406961549623e-10,9.766183803169067530e-11,5.173668840968642233e-11,2.051677223846282098e-11,0.000000000000000000e+00
0.000000000000000000e+00,1.338148573526374080e-05,2.127906976575390805e-05,2.546636358860930328e-05,2.718198008231001694e-05,2.728651538412452685e-05,2.637429200195332642e-05,2.485266324163920668e-05,2.299813302618419688e-05,2.099595762606445629e-05,1.896801514706291031e-05,1.699236683204801332e-05,1.511695178409395445e-05,1.336915049707338962e-05,1.176244672121087203e-05,1.030105611287486346e-05,8.983133265828600964e-06,7.802986624820024722e-06,6.752602110250239552e-06,5.822685653984223177e-06,5.003371213162010193e-06,4.284696284907597814e-06,3.656915852985842159e-06,3.110704053012176006e-06,2.637277810969133499e-06,2.228466291007035179e-06,1.876742777459471564e-06,1.575230628474016054e-06,1.317691487827894486e-06,1.098501549822127800e-06,9.126200088075808042e-07,7.555526615723703682e-07,6.233128105343510690e-07,5.123810309142686925e-07,4.196649424496438079e-07,3.424598158623073084e-07,2.784106124009297175e-07,2.254758784725521715e-07,1.818937811919235314e-07,1.461504641370802495e-07,1.169508185581058542e-07,9.319169880753493534e-08,7.393755836445987553e-08,5.839844198052330438e-08,4.591023827447053982e-08,3.591707403600803270e-08,2.795571532834851115e-08,2.164183014105931656e-08,1.665796190809735251e-08,1.274306183627741548e-08,9.683429935308374327e-09,7.304919224563088371e-09,5.466264206838916509e-09,4.053402806939798990e-09,2.974670101563654313e-09,2.156751910933537894e-09,1.541296339389752750e-09,1.082091359418268890e-09,7.427263050793630780e-10,4.946645016191731824e-10,3.156630793586875880e-10,1.884842133828496385e-10,9.984954246133212444e-11,3.959632648532132457e-11,0.000000000000000000e+00
0.000000000000000000e+00,1.937539412978310421e-05,3.081040644712571664e-05,3.687307631219542475e-05,3.935684352391570219e-05,3.950782216133187343e-05,3.818658328240621047e-05,3.598297563729223705e-05,3.329738066662113927e-05,3.039805261328592308e-05,2.746147223133319328e-05,2.460067126043387667e-05,2.188506260002124758e-05,1.935428872760327275e-05,1.702786855596333525e-05,1.491190016226398614e-05,1.300370494621657156e-05,1.129503512434937843e-05,9.774280163236395773e-06,8.427976530194043197e-06,7.241833001080223784e-06,6.201419265114456531e-06,5.292620544613542316e-06,4.501929604990732370e-06,3.816625762824928858e-06,3.224875412111164170e-06,2.715778146078436979e-06,2.279375329071501350e-06,1.906632975414816558e-06,1.589407328399384172e-06,1.320399123506748459e-06,1.093100835079310156e-06,9.017400175375757950e-07,7.412210052291599550e-07,6.070666228256931409e-07,4.953611086210526095e-07,4.026951171596146186e-07,3.261134122133294190e-07,2.630656638382379690e-07,2.113606088998777347e-07,1.691237127130110404e-07,1.347583731444880427e-07,1.069106326363599569e-07,8.443730445475284638e-08,6.637737429074125947e-08,5.192650494883793620e-08,4.041444845819979042e-08,3.128515499325545880e-08,2.407936014254632670e-08,1.841943010818180638e-08,1.399624726411525015e-08,1.055792516753932539e-08,7.900151724253115869e-09,5.857970975284469571e-09,4.298827215290578037e-09,3.116709285332708693e-09,2.227247407397949505e-09,1.563629436540340140e-09,1.073217571109026972e-09,7.147601290117203600e-10,4.561057818966791933e-10,2.723395117217523031e-10,1.442704379569608272e-10,5.721152333270175757e-11,0.000000000000000000e+00
0.000000000000000000e+00,2.491338387167677914e-05,3.961663800572237849e-05,4.741178142244469268e-05,5.060490265776525741e-05,5.079835044764383572e-05,4.909873474322894204e-05,4.626455503624303658e-05,4.281067597545344016e-05,3.908205633324042993e-05,3.530563823064808139e-05,3.162676957979215710e-05,2.813470445756982165e-05,2.488041180837612869e-05,2.188898137146219397e-05,1.916824364267009565e-05,1.671474256082555859e-05,1.451786062211170251e-05,1.256265657730511434e-05,1.083180713366493413e-05,9.306925603798265459e-06,7.969447502342117488e-06,6.801215194796675198e-06,5.784853396390808521e-06,4.903999325017986704e-06,4.143431908388614612e-06,3.489131015019155371e-06,2.928288388932818115e-06,2.449285540072755953e-06,2.041649387160874183e-06,1.695993351006958866e-06,1.403949428880887966e-06,1.158095252148964411e-06,9.518790396933926377e-07,7.795445720370668161e-07,6.360577326712373182e-07,5.170357308496239135e-07,4.186797914662416332e-07,3.377118437721704148e-07,2.713155420892524956e-07,2.170817950323904692e-07,1.729588558581566179e-07,1.372069289278610357e-07,1.083571711916639091e-07,8.517490950435033075e-08,6.662685166166314225e-08,5.185203898297084188e-08,4.013626908083997010e-08,3.088970741027567104e-08,2.362740372289592431e-08,1.795243326139636262e-08,1.354139115279932815e-08,1.013198086238192169e-08,7.512452748793213893e-09,5.512665835449217705e-09,3.996564127033457864e-09,2.855877514433058328e-09,2.004876000535581016e-09,1.376024221660371262e-09,9.164007094753287656e-10,5.847627965448809725e-10,3.491533511192101225e-10,1.849595341761986756e-10,7.334645906874707309e-11,0.000000000000000000e+00
0.000000000000000000e+00,3.000363313614461065e-05,4.771074492272110512e-05,5.709796538593095064e-05,6.094261560475574332e-05,6.117453012066757225e-05,5.912652014568772741e-05,5.571214779654600922e-05,5.155154150584763037e-05,4.706018846106453717e-05,4.251142785922731616e-05,3.808031834999526524e-05,3.387435202608670809e-05,2.995490492740985965e-05,2.635218042378440726e-05,2.307559258238632005e-05,2.012096089268871417e-05,1.747547950641054141e-05,1.512113566723649313e-05,1.303704879460835901e-05,1.120105899134966388e-05,9.590793847577654401e-06,8.184372678257643849e-06,6.960858781630316187e-06,5.900536585188487411e-06,4.985067171638779261e-06,4.197559498028209254e-06,3.522583429747776653e-06,2.946142967051641222e-06,2.455622673924628600e-06,2.039716585515677102e-06,1.688346258738905465e-06,1.392572788851304518e-06,1.144506301615986604e-06,9.372154814404057178e-07,7.646389987071134422e-07,6.215001785143778141e-07,5.032258568880113321e-07,4.058700645110436054e-07,3.260429386251655212e-07,2.608450749439129043e-07,2.078073820966120339e-07,1.648363834737599211e-07,1.301648196827674571e-07,1.023073348517659008e-07,8.002097834761796590e-08,6.227021730860583409e-08,4.819613234259698027e-08,3.708945670750710787e-08,2.836711639358777121e-08,2.155193307378580287e-08,1.625516235338283149e-08,1.216155476663121017e-08,9.016645323803152827e-09,6.615998046507969056e-09,4.796153929752033750e-09,3.427053366426824174e-09,2.405726629616537478e-09,1.651068022760546174e-09,1.099530385363762586e-09,7.015964944763817850e-10,4.189023324499927651e-10,2.219040805677984671e-10,8.799599247347535827e-11,0.000000000000000000e+00
0.000000000000000000e+00,3.465555274155443754e-05,5.510767330864566721e-05,6.594947799865472451e-05,7.038897919445184499e-05,7.065536018556990770e-05,6.828822059632439086e-05,6.434288943910781598e-05,5.953573853025243413e-05,5.434674082453441930e-05,4.909165595659121070e-05,4.397270369291251223e-05,3.911404481865575678e-05,3.458656189920484913e-05,3.042512337064459985e-05,2.664057988897368834e-05,2.322807697468227923e-05,2.017279652842558356e-05,1.745390659659790751e-05,1.504726404525454677e-05,1.292724997147519542e-05,1.106800228211892954e-05,9.444229309618608966e-06,8.031732245122045252e-06,6.807725210564803927e-06,5.751014784800936489e-06,4.842082104618488285e-06,4.063097729658844065e-06,3.397890511459234260e-06,2.831885503614599458e-06,2.352021635079481670e-06,1.946656850142137526e-06,1.605466289700975377e-06,1.319337570433219375e-06,1.080266121064339440e-06,8.812527288863236054e-07,7.162048472555033865e-07,5.798427567135322180e-07,4.676113185139150124e-07,3.755977825191319377e-07,3.004558931165111913e-07,2.393363641688417410e-07,1.898236580260769646e-07,1.498788977010324045e-07,1.177886604846815906e-07,9.211934162152643800e-08,7.167673494862732479e-08,5.547045085653057971e-08,4.268277812453122180e-08,3.264159294094336873e-08,2.479692378141558676e-08,1.870079301846733660e-08,1.398997359127639748e-08,1.037132037323327770e-08,7.609359808822903021e-09,5.515846895376702658e-09,3.941024769170242363e-09,2.766348286229087176e-09,1.898458479605651909e-09,1.264219174273527954e-09,8.066500157587296235e-10,4.816114921543203273e-10,2.551170646318086218e-10,1.011652079708831367e-10,0.000000000000000000e+00
0.000000000000000000e+00,3.887967982410880929e-05,6.182416559751692357e-05,7.398632931061938848e-05,7.896531153631418875e-05,7.926218965067812459e-05,7.660441174494112123e-05,7.217610302097293208e-05,6.678107930025161017e-05,6.095790482833394162e-05,5.506088040920044987e-05,4.931689943523894138e-05,4.386525990053663325e-05,3.878547156015392375e-05,3.411662935768892588e-05,2.987087608352831765e-05,2.604273142857190711e-05,2.261553573255643728e-05,1.956588293427539188e-05,1.686665389674343093e-05,1.448907634597032702e-05,1.240410817948063919e-05,1.058335050366930499e-05,8.999633817533267746e-06,7.627377039791086689e-06,6.442788767373107826e-06,5.423959171706326681e-06,4.550876424345922270e-06,3.805391498598817451e-06,3.171148230271450186e-06,2.633490676470269221e-06,2.179356422390290275e-06,1.797162095588302879e-06,1.476685642531707771e-06,1.208948689765032209e-06,9.861014066737621808e-07,8.013116101352735278e-07,6.486593367504936506e-07,5.230377108272541009e-07,4.200606253207408920e-07,3.359775077069734332e-07,2.675952488798893632e-07,2.122072204642377873e-07,1.675291870359320716e-07,1.316418290523896729e-07,1.029395254056445993e-07,8.008499778347237028e-08,6.196938934590535813e-08,4.767733486026396382e-08,3.645657593934619806e-08,2.769168118980456058e-08,2.088144491385376454e-08,1.561955773794454473e-08,1.157816658905289459e-08,8.493968423294510842e-09,6.156510846250726671e-09,4.398402249827808215e-09,3.087163503526621466e-09,2.118481920516178673e-09,1.410655663392141411e-09,9.000425886216140252e-10,5.373514985571648560e-10,2.846357233182835433e-10,1.128688245079174984e-10,0.000000000000000000e+00
0.000000000000000000e+00,4.268757182143787660e-05,6.787859169153031517e-05,8.123048700871333852e-05,8.669503496023684970e-05,8.701849862073618436e-05,8.409775101443227492e-05,7.923309734270616656e-05,7.330723894709073249e-05,6.691159834104077329e-05,6.043524437930336026e-05,5.412732442920629712e-05,4.814078367366760882e-05,4.256290316530138014e-05,3.743657705694489722e-05,3.277509896110373334e-05,2.857240872465593057e-05,2.481017031931813930e-05,2.146264117008324574e-05,1.850000411336645938e-05,1.589063011176609092e-05,1.360259766612955857e-05,1.160469559314260439e-05,9.867066710959297517e-06,8.361601956218039428e-06,7.062161164663882464e-06,5.944673700192135780e-06,4.987156172050309649e-06,4.169673444472008991e-06,3.474261492207630217e-06,2.884825332625653143e-06,2.387021540882703170e-06,1.968132227514623298e-06,1.616935484073759101e-06,1.323575947628489989e-06,1.079438139578090413e-06,8.770244902041897158e-07,7.098393945335502168e-07,5.722802079613982734e-07,4.595357481483313827e-07,3.674926000745803763e-07,2.926493079937559852e-07,2.320383702061966401e-07,1.831558219424366917e-07,1.438980920634190496e-07,1.125057458893022106e-07,8.751367525816285507e-08,6.770726446148017616e-08,5.208404399115132392e-08,3.982034036646022618e-08,3.024243726021435542e-08,2.280177852257737055e-08,1.705376554963969229e-08,1.263972802439775703e-08,9.271676852353867138e-09,6.719479817096240432e-09,4.800132993402669829e-09,3.368833371884099635e-09,2.311589747010839961e-09,1.539139142608256826e-09,9.819644874793777380e-10,5.862356310324543808e-10,3.105199388339291985e-10,1.231305584618249571e-10,0.000000000000000000e+00
0.000000000000000000e+00,4.609170126114265026e-05,7.329078135072412340e-05,8.770567522009499375e-05,9.360346037031575363e-05,9.394968067734119706e-05,9.079276592142347365e-05,8.553696601538816760e-05,7.913556800092199283e-05,7.222729296727840539e-05,6.523231870364457204e-05,5.841969985245466589e-05,5.195458347730181801e-05,4.593119146663548574e-05,4.039580227981435514e-05,3.536272274446471760e-05,3.082535687686929418e-05,2.676385190641670158e-05,2.315035860901742048e-05,1.995263086085529989e-05,1.713647004373702626e-05,1.466736638144453674e-05,1.251158207080759526e-05,1.063684640913176578e-05,9.012781250856672060e-06,7.611139163780973417e-06,6.405911756567647411e-06,5.373348422119402393e-06,4.491913817687610940e-06,3.742204135208972137e-06,3.106836463052379961e-06,2.570321515218521788e-06,2.118927164233097556e-06,1.740538188311629918e-06,1.424516178508915929e-06,1.161562475207058856e-06,9.435861986301017411e-07,7.635788260656719884e-07,6.154962956735316741e-07,4.941492469290234922e-07,3.951017161525133795e-07,3.145783751113315059e-07,2.493802192700146490e-07,1.968084711155150569e-07,1.545963564430488262e-07,1.208483322967389459e-07,9.398629007867626996e-08,7.270222245604253491e-08,5.591682484229420209e-08,4.274349848279358057e-08,3.245722990572172367e-08,2.446783833420180822e-08,1.829710647271923022e-08,1.355933899886426254e-08,9.944925466410248508e-09,7.206518745132885057e-09,5.147475397129170293e-09,3.612239540600365565e-09,2.478385999148340349e-09,1.650071276563071363e-09,1.052671694082620768e-09,6.284165806596734912e-10,3.328505394099775180e-10,1.319824487454994325e-10,0.000000000000000000e+00
0.000000000000000000e+00,4.910535182914529034e-05,7.808185858841478822e-05,9.343717565779200264e-05,9.971757401230050850e-05,1.000828275721263414e-04,9.671564450379908288e-05,9.111238837190072440e-05,8.428890646856629539e-05,7.692584259209776451e-05,6.947094529225182082e-05,6.221090725882640429e-05,5.532167971814213085e-05,4.890362212905691869e-05,4.300599576544568436e-05,3.764398727910140004e-05,3.281050707107770539e-05,2.848433963843396142e-05,2.463575105027326022e-05,2.123032609355560569e-05,1.823157398580263575e-05,1.560267792815343081e-05,1.330764951469337875e-05,1.131206944181029467e-05,9.583540677133215287e-06,8.091941914006404183e-06,6.809542595092212472e-06,5.711022422741582699e-06,4.773425560657151324e-06,3.976070915808548414e-06,3.300433755146876291e-06,2.730009618627459207e-06,2.250168460831135843e-06,1.848004792383357103e-06,1.512188029335400259e-06,1.232816110014184911e-06,1.001274580025630538e-06,8.101026928427809535e-07,6.528675687271534475e-07,5.240470599737798966e-07,4.189216592547445546e-07,3.334755419156104456e-07,2.643066395629788599e-07,2.085454917813312750e-07,1.637825082259307063e-07,1.280031890354717369e-07,9.953079285442442762e-08,7.697590477802925903e-08,5.919233773849351985e-08,4.523879711308365354e-08,3.434574683788115370e-08,2.588693351882308621e-08,1.935505067447907420e-08,1.434105631187560102e-08,1.051669177101899783e-08,7.619786666754818320e-09,5.441972538400294443e-09,3.818465444709227221e-09,2.619614381665241426e-09,1.743947413391732302e-09,1.112480324611984018e-09,6.640831100835368097e-10,3.517275250865145321e-10,1.394641520825889387e-10,0.000000000000000000e+00
0.000000000000000000e+00,5.174251616888340613e-05,8.227407879516157661e-05,9.845163198447412186e-05,1.050658276059607840e-04,1.054465172083396667e-04,1.018940288223638992e-04,9.598543316052213659e-05,8.879140036573462188e-05,8.102931404391612927e-05,7.317108232002424552e-05,6.551884811757494075e-05,5.825801921220142703e-05,5.149431811200994475e-05,4.527960171996627751e-05,3.962980779468729749e-05,3.453739370396147939e-05,2.997992957743400520e-05,2.592601064105607231e-05,2.233930303107407411e-05,1.918129116430719109e-05,1.641312229342345539e-05,1.399682344553801648e-05,1.189608206400294139e-05,1.007672339216607749e-05,8.506977222758249277e-06,7.157598650489788182e-06,6.001888098710154860e-06,5.015642483798115887e-06,4.177060083087885954e-06,3.466615201333229496e-06,2.866914201647578479e-06,2.362541270621901575e-06,1.939900006712603811e-06,1.587055271242888679e-06,1.293578528785823621e-06,1.050398996963928464e-06,8.496622359362267944e-07,6.845972749338237948e-07,5.493929563823560200e-07,4.390838495786897045e-07,3.494458263124148101e-07,2.769011866302390587e-07,2.184330642168515271e-07,1.715087200979817480e-07,1.340112446172622171e-07,1.041791259907282614e-07,8.055310499745615207e-08,6.192971582365634452e-08,4.732090943168231275e-08,3.591916509490191739e-08,2.706751524037257694e-08,2.023393607247326444e-08,1.498958948526055839e-08,1.099043865234264780e-08,7.961798816135409351e-09,5.685424842439704749e-09,3.988776960151065571e-09,2.736144891817935459e-09,1.821347624801756850e-09,1.161760883535017889e-09,6.934566090917364522e-10,3.672682379327729049e-10,1.456222161714530310e-10,0.000000000000000000e+00
0.000000000000000000e+00,5.401779583619038621e-05,8.589066927219647977e-05,1.027768582199569943e-04,1.096779327392886927e-04,1.100706058313014209e-04,1.063568124498079197e-04,1.001833659070500203e-04,9.266832155083118297e-05,8.456082067687621857e-05,7.635365196187586273e-05,6.836230554001704101e-05,6.078035038555716803e-05,5.371812761296486253e-05,4.722971765334010646e-05,4.133168573232906182e-05,3.601607528672359413e-05,3.125938478610534269e-05,2.702874427677805246e-05,2.328614205861859537e-05,1.999129482317504094e-05,1.710357450799871536e-05,1.458327935431247136e-05,1.239244905080069006e-05,1.049536297066742179e-05,8.858818290829914262e-06,7.452255544597316078e-06,6.247778924411221705e-06,5.220104641597259453e-06,4.346460933276214341e-06,3.606456543334494709e-06,2.981929769907390904e-06,2.456786830111362181e-06,2.016835907931827538e-06,1.649621525724435407e-06,1.344262611355513694e-06,1.091296684365330683e-06,8.825318628178961587e-07,7.109078348787355729e-07,5.703665030259268430e-07,4.557326650496472987e-07,3.626048244921830063e-07,2.872560096856122583e-07,2.265443146779880353e-07,1.778327492345196179e-07,1.389178925296859710e-07,1.079667809646644485e-07,8.346142034242635370e-08,6.415029253089954119e-08,4.900622327129178588e-08,3.718998781809968812e-08,2.801905181452016065e-08,2.094087369417648618e-08,1.551022972792221613e-08,1.137006165743038729e-08,8.235388005662784398e-09,5.879862224740588598e-09,4.124602682617488094e-09,2.828960184336011800e-09,1.882927568442590507e-09,1.200932402674873642e-09,7.167875810020516988e-10,3.796054953658974362e-10,1.505093381562047851e-10,0.000000000000000000e+00
0.000000000000000000e+00,5.594630380646551537e-05,8.895567381014764284e-05,1.064416519635965057e-04,1.135846603627876342e-04,1.139860252885424623e-04,1.101339428015346480e-04,1.037344607754494863e-04,9.594589165438253476e-05,8.754435962394715868e-05,7.904039137636485832e-05,7.076080885055411446e-05,6.290610094271915985e-05,5.559051413399282031e-05,4.886999602898340787e-05,4.276162110843560423e-05,3.725705664223580922e-05,3.233186649211505120e-05,2.795191289876461238e-05,2.407773736704346508e-05,2.066753546419464543e-05,1.767915379650942062e-05,1.507140712509807767e-05,1.280492280757137988e-05,1.084265666790857921e-05,9.150180642167616757e-06,7.695812243065449938e-06,6.450634910879155318e-06,5.388443793902151799e-06,4.485641426699086800e-06,3.721100760847495896e-06,3.076008092413771347e-06,2.533694963866654071e-06,2.079465643755320610e-06,1.700424996897086765e-06,1.385310241262578184e-06,1.124329102955335938e-06,9.090061313769156912e-07,7.320383577056083607e-07,5.871610270072869629e-07,4.690237774554798343e-07,3.730773583672705224e-07,2.954707572819981573e-07,2.329584343394263513e-07,1.828172315777807669e-07,1.427724289927972527e-07,1.109323529236910404e-07,8.573090097092726174e-08,6.587732716493636966e-08,5.031262788012470354e-08,3.817187977034396437e-08,2.875190286036343283e-08,2.148365224288216526e-08,1.590877828328872239e-08,1.165983580187076536e-08,8.443665650494898355e-09,6.027515970552038341e-09,4.227514016338860697e-09,2.899141802628709402e-09,1.929409259313739398e-09,1.230456521237277855e-09,7.343520933282148133e-10,3.888857043683154437e-10,1.541836154803294648e-10,0.000000000000000000e+00
0.000000000000000000e+00,5.754356990079574554e-05,9.149380190102271633e-05,1.094756131449826941e-04,1.168176461597518880e-04,1.172245861569428088e-04,1.132562291005150359e-04,1.066678176970614698e-04,9.865111084143310621e-05,9.000465341909723218e-05,8.125370759363824023e-05,7.273450161382137406e-05,6.465325857000197706e-05,5.712744919504678359e-05,5.021454820716182580e-05,4.393202685523395749e-05,3.827121279652412182e-05,3.320686669750067384e-05,2.870377201838814806e-05,2.472124462883263873e-05,2.121619495822417401e-05,1.814518345653908698e-05,1.546577606489092768e-05,1.313741298321039025e-05,1.112193909763213055e-05,9.383899394228719415e-06,7.890671490190080361e-06,6.612485818805747520e-06,5.522369049796995867e-06,4.596035951451417093e-06,3.811747677450347420e-06,3.150149402951829533e-06,2.594096662879959060e-06,2.128477195487978647e-06,1.740033248658708698e-06,1.417187949124459816e-06,1.149878319362811966e-06,9.293967542159671717e-07,7.482421722062052736e-07,5.999815895640754470e-07,4.791224970511962298e-07,3.809961292097215698e-07,3.016514874659706107e-07,2.377598014335850473e-07,1.865289783618747247e-07,1.456274922668168828e-07,1.131170963324604025e-07,8.739369993320190173e-08,6.713573092508968005e-08,5.125930094852495673e-08,3.887950300961161220e-08,2.927719353315236185e-08,2.187064269857911350e-08,1.619147478471113306e-08,1.186436237091350826e-08,8.589982780077507777e-09,6.130790599626898392e-09,4.299205249101136970e-09,2.947856398468610632e-09,1.961571832314522454e-09,1.250831559558891910e-09,7.464482244032734517e-10,3.952669734517128890e-10,1.567077958199462148e-10,0.000000000000000000e+00
0.000000000000000000e+00,5.882544946635633889e-05,9.353028312133676646e-05,1.119089689558757403e-04,1.194092025031197497e-04,1.198187874676220449e-04,1.157551567028161069e-04,1.090131854754063903e-04,1.008115920846089288e-04,9.196699663105049405e-05,8.301653691174137764e-05,7.430401368201363711e-05,6.604025519759287334e-05,5.834530817772721817e-05,5.127785112703272109e-05,4.485564554526588700e-05,3.906971493604423254e-05,3.389414257049293218e-05,2.929281377289771741e-05,2.522402998516916779e-05,2.164364177437502626e-05,1.850715168743931300e-05,1.577110073725617506e-05,1.339395676125565928e-05,1.133665647949133376e-05,9.562907005087075259e-06,8.039320641353297510e-06,6.735434701927299815e-06,5.623652784966431428e-06,4.679133312611143955e-06,3.879643751801048460e-06,3.205393753123366478e-06,2.638856786547643217e-06,2.164587240908054765e-06,1.769038063022202883e-06,1.440382621396152402e-06,1.168343438670905280e-06,9.440296448497357723e-07,7.597843912424763481e-07,6.090429863740490995e-07,4.862021379847593620e-07,3.865003876360840513e-07,3.059095907083323205e-07,2.410371133280940854e-07,1.890382803319925900e-07,1.475385078871990843e-07,1.145644851625063862e-07,8.848372659730076635e-08,6.795179555359629885e-08,5.186649761389283835e-08,3.932835404382385038e-08,2.960668985850495484e-08,2.211070373169746688e-08,1.636492620565725126e-08,1.198851615161648244e-08,8.677891358495834058e-09,6.192235949272832206e-09,4.341473779010529640e-09,2.976342054915404482e-09,1.980242373028894889e-09,1.262586636121966155e-09,7.533925357076687743e-10,3.989172381885927069e-10,1.581485323855909118e-10,0.000000000000000000e+00
0.000000000000000000e+00,5.980803561402769843e-05,9.509072717246667690e-05,1.137724055537613305e-04,1.213921376418641260e-04,1.218016336903718859e-04,1.176627084425423001e-04,1.108007915082387081e-04,1.024554015636017007e-04,9.345710809310716119e-05,8.435220935145522000e-05,7.549033777673962685e-05,6.708585529843358460e-05,5.926076974172190544e-05,5.207465713441371399e-05,4.554546887300588989e-05,3.966395877136763993e-05,3.440365292945902370e-05,2.972771079341169324e-05,2.559362059710762244e-05,2.195638755454726283e-05,1.877067357243781436e-05,1.599220778134535748e-05,1.357868999010826988e-05,1.149034159869496537e-05,9.690211623045009119e-06,8.144313003485413350e-06,6.821641877342005027e-06,5.694116916642554316e-06,4.736465019942286611e-06,3.926072117147746217e-06,3.242812571241817392e-06,2.668866934713161604e-06,2.188535157146522978e-06,1.788050413280515596e-06,1.455397302973940323e-06,1.180137113375629030e-06,9.532420258780020781e-07,7.669395262415920459e-07,6.145677881564474615e-07,4.904424160189423224e-07,3.897346293679162711e-07,3.083607333173624419e-07,2.428825348068786577e-07,1.904182247223003546e-07,1.485631438968929271e-07,1.153197808752239233e-07,8.903630611699560753e-08,6.835292664174282567e-08,5.215534303396537894e-08,3.953460370109806312e-08,2.975267611784028018e-08,2.221308865377030024e-08,1.643603695097574897e-08,1.203739350335489424e-08,8.711106213321016000e-09,6.214519692682176796e-09,4.356200647121561717e-09,2.985894819341421007e-09,1.986286888533963165e-09,1.266275873972567050e-09,7.555165976038848726e-10,4.000124150448232130e-10,1.585756504491619867e-10,0.000000000000000000e+00
0.000000000000000000e+00,6.050757528301501373e-05,9.620099001129810016e-05,1.150969070633521064e-04,1.227995826906145779e-04,1.232064595687421915e-04,1.190111935852752135e-04,1.120611787014118190e-04,1.036109057431895079e-04,9.450098925384989106e-05,8.528431866436860681e-05,7.631471106857491303e-05,6.780904865505874251e-05,5.989071921321057070e-05,5.261990732334356541e-05,4.601466023140544622e-05,4.006549561601475756e-05,3.474549709999273384e-05,3.001726213985673119e-05,2.583765699093157448e-05,2.216104524028258955e-05,1.894145439948536185e-05,1.613400388179258739e-05,1.369581929950934128e-05,1.158658960816819083e-05,9.768876153694175659e-06,8.208249784531593425e-06,6.873309411122350789e-06,5.735619613145355595e-06,4.769593940928163961e-06,3.952342926925561702e-06,3.263500476813692671e-06,2.685038532397851517e-06,2.201077199939715257e-06,1.797695582911773394e-06,1.462747119790523697e-06,1.185682150770773701e-06,9.573796175897788777e-07,7.699891671614118928e-07,6.167844343530070542e-07,4.920278891099660107e-07,3.908473254479106190e-07,3.091238284312963858e-07,2.433908683252682582e-07,1.907440296581045544e-07,1.487607798258725391e-07,1.154296111937628766e-07,8.908784731948792131e-08,6.836738346768760633e-08,5.214762999458665810e-08,3.951494085352388732e-08,2.972783516097687811e-08,2.218735457288711655e-08,1.641194059318001752e-08,1.201626164250519909e-08,8.693467849445737605e-09,6.200400492756613020e-09,4.345331518149541213e-09,2.977855545178669150e-09,1.980601484487097834e-09,1.262472739124816121e-09,7.531635940459701041e-10,3.987345971121453347e-10,1.580614305017711520e-10,0.000000000000000000e+00
0.000000000000000000e+00,6.094038936865259117e-05,9.688704645047379357e-05,1.159136023373865244e-04,1.236648269259179862e-04,1.240667633251364308e-04,1.198330849083452637e-04,1.128250500809039605e-04,1.043066256171893747e-04,9.512478911283112873e-05,8.583659833241908841e-05,7.679850216531057408e-05,6.822894797761830420e-05,6.025215630072798078e-05,5.292864871965177352e-05,4.627648068505119973e-05,4.028596645655971732e-05,3.492985639683535463e-05,3.017034153133172329e-05,2.596384740428049997e-05,2.226428893797850221e-05,1.902525448772372565e-05,1.620144503859124817e-05,1.374959533596072865e-05,1.162903479083908371e-05,9.801998148254045486e-06,8.233762743217202862e-06,6.892666199170098597e-06,5.750042507741857857e-06,4.780103379694155210e-06,3.959784058819030205e-06,3.268567395719282510e-06,2.688296165908306162e-06,2.202980892290934698e-06,1.798608458309246437e-06,1.462955345170639784e-06,1.185408238784116755e-06,9.567939237908964440e-07,7.692197419412086267e-07,6.159253915285700461e-07,4.911464504622344429e-07,3.899896948203787942e-07,3.083200410580615018e-07,2.426587514999810487e-07,1.900924002370147485e-07,1.481919928386293268e-07,1.149415623969865784e-07,8.867552118250422245e-08,6.802402707635086779e-08,5.186562289044865457e-08,3.928642103365935926e-08,2.954513244583827656e-08,2.204327436395196095e-08,1.629993371410089571e-08,1.193050948464218614e-08,8.628906400537611796e-09,6.152701974378211095e-09,4.310858239235605868e-09,2.953597132516966314e-09,1.964103809046204180e-09,1.251764549871887539e-09,7.466850296343845366e-10,3.952703041709674696e-10,1.566799129837942558e-10,0.000000000000000000e+00
0.000000000000000000e+00,6.112279711579866241e-05,9.717486955350822003e-05,1.162536198727509476e-04,1.240211618218507706e-04,1.244160486830664446e-04,1.201608643550302463e-04,1.131231215406512897e-04,1.045710985404925506e-04,9.535467614408909111e-05,8.603280394012507559e-05,7.696310386720581274e-05,6.836469170788386708e-05,6.036210744969490281e-05,5.301595559442879511e-05,4.634421860505573784e-05,4.033703925709557052e-05,3.496693845257630671e-05,3.019584807370385475e-05,2.597992431578816444e-05,2.227281568727126681e-05,1.902785566760722329e-05,1.619950726937885462e-05,1.374428723507824745e-05,1.162132838675051383e-05,9.792690605717620686e-06,8.223497620551775434e-06,6.881953714698825844e-06,5.739278479136284862e-06,4.769586635985726067e-06,3.949732224176091015e-06,3.259131016504269757e-06,2.679571205001367305e-06,2.195019652174167211e-06,1.791429020543828967e-06,1.456549631293641006e-06,1.179748808258848957e-06,9.518396299519830917e-07,7.649203680436402570e-07,6.122253869658617322e-07,4.879878827191495117e-07,3.873145263989890982e-07,3.060718329897916837e-07,2.407838865755605593e-07,1.885409101251422210e-07,1.469180641346569169e-07,1.139037876011536362e-07,8.783695185855924115e-08,6.735207814516244011e-08,5.133186928719121975e-08,3.886632088213741531e-08,2.921770452775438191e-08,2.179075200479356797e-08,1.610741226782483541e-08,1.178560035449477499e-08,8.521406946419694823e-09,6.074287680485657306e-09,4.254801094246447817e-09,2.914512249031206473e-09,1.937724818369270674e-09,1.234747192193230718e-09,7.364375601472088671e-10,3.898087983230233997e-10,1.545062290551395292e-10,0.000000000000000000e+00
0.000000000000000000e+00,6.107104494654213287e-05,9.709031709613668193e-05,1.161479512127751160e-04,1.239017341871348531e-04,1.242876760816266613e-04,1.200268776386299754e-04,1.129859830951777911e-04,1.044327480061095590e-04,9.521671754906842601e-05,8.589660224368016997e-05,7.682983199478313262e-05,6.823535229551852229e-05,6.023754310242402168e-05,5.289685515484049785e-05,4.623112319409880078e-05,4.023034970797371946e-05,3.486692458520392529e-05,3.010265965943423154e-05,2.589360331700286700e-05,2.219330927603445217e-05,1.895502954374112155e-05,1.613315885977253462e-05,1.368415843406686561e-05,1.156711757669284922e-05,9.744063769948391223e-06,8.180098424580058367e-06,6.843412485097273119e-06,5.705220053429683539e-06,4.739637091920490488e-06,3.923524524119492867e-06,3.236309623451644435e-06,2.659795741744788490e-06,2.177967685479945948e-06,1.776798058463584121e-06,1.444058424664905434e-06,1.169138047624343759e-06,9.428721270627035311e-07,7.573808072719370546e-07,6.059197267527817655e-07,4.827424809816601421e-07,3.829750569513684717e-07,3.025020527730950123e-07,2.378643060846588684e-07,1.861674120816959979e-07,1.450005083481026202e-07,1.123646332249562868e-07,8.660992199035457206e-08,6.638088601128308834e-08,5.056902014192683636e-08,3.827199926301823874e-08,2.875875264265981534e-08,2.143974176965139100e-08,1.584181083598503316e-08,1.158702684050279454e-08,8.374976400139047049e-09,5.968037159556839811e-09,4.179191858488227686e-09,2.862001603983542117e-09,1.902400912576403414e-09,1.212020072681402963e-09,7.227799654182716412e-10,3.825404752315809490e-10,1.516159613960870905e-10,0.000000000000000000e+00
0.000000000000000000e+00,6.080123985760957990e-05,9.665902531191900775e-05,1.156273231020343948e-04,1.233394086960519964e-04,1.237147233858399461e-04,1.194631981018527841e-04,1.124439689379330286e-04,1.039197616594384876e-04,9.473676611970826384e-05,8.545146720441350882e-05,7.641983054227419788e-05,6.785985018464512600e-05,5.989530008624344691e-05,5.258625781947045858e-05,4.595034209349298379e-05,3.997744559568600754e-05,3.463992036680804627e-05,2.989958918790304199e-05,2.571254446145027691e-05,2.203240622412590963e-05,1.881250765056924118e-05,1.600733426064049266e-05,1.357344391272616513e-05,1.147002570106286703e-05,9.659207991497667080e-06,8.106192629963185559e-06,6.779269352298761478e-06,5.649748474915233248e-06,4.691838867786213629e-06,3.882490488160808255e-06,3.201215337360123675e-06,2.629896872667213458e-06,2.152595166968786290e-06,1.755353122530127588e-06,1.426007582051642499e-06,1.154008083849130495e-06,9.302451728656016744e-07,7.468895336230965337e-07,5.972427064832582256e-07,4.755997513769420432e-07,3.771239103361533635e-07,2.977330752688647124e-07,2.339976783948150784e-07,1.830494804022614600e-07,1.425006283535715241e-07,1.103722855632571027e-07,8.503209384724546969e-08,6.513971006757824051e-08,4.959965962780402669e-08,3.752076578166627997e-08,2.818144195023079377e-08,2.100017171198442391e-08,1.551054510158108424e-08,1.134026803738259015e-08,8.193612143915075843e-09,5.836823314325589818e-09,4.086057746100466649e-09,2.797462839306344341e-09,1.859066485189802618e-09,1.184181336642683286e-09,7.060702811705548956e-10,3.736553398040236490e-10,1.480845385509661003e-10,0.000000000000000000e+00
0.000000000000000000e+00,6.032928749010779462e-05,9.590631008769240720e-05,1.147220785965698351e-04,1.223666400367510293e-04,1.227298563262899306e-04,1.185015000675746118e-04,1.115270365392435729e-04,1.030599777782526417e-04,9.394035493254349165e-05,8.472058319826804122e-05,7.575398335811240474e-05,6.725687370115284282e-05,5.935200930878151214e-05,5.209889224562037956e-05,4.551486322803978114e-05,3.958973493809197515e-05,3.429590952628788509e-05,2.959534372806077167e-05,2.544431620203536253e-05,2.179666403691500609e-05,1.860595359229186345e-05,1.582690971459264472e-05,1.341632893674721998e-05,1.133363377977768046e-05,9.541177712632020259e-06,8.004377344130249897e-06,6.691725562223660746e-06,5.574723485661944948e-06,4.627758081759607986e-06,3.827944625623460936e-06,3.154947790247234512e-06,2.590791346775982539e-06,2.119663728587625653e-06,1.727724735907492080e-06,1.402917200909549351e-06,1.134786341531880390e-06,9.143087004422192608e-07,7.337319225244015158e-07,5.864261215234055886e-07,4.667471909369423098e-07,3.699121028394336952e-07,2.918859946925946231e-07,2.292806563132294716e-07,1.792638878507876028e-07,1.394790975481629129e-07,1.079744391263779664e-07,8.314074760012285495e-08,6.365751456741517931e-08,4.844614537766025961e-08,3.662975733876367684e-08,2.749880692527008309e-08,2.048187180937306794e-08,1.512095782291549369e-08,1.105074938690200893e-08,7.981272568756224924e-09,5.683491123907877710e-09,3.977406329868054568e-09,2.722280093091612375e-09,1.808646923239633311e-09,1.151823375282151203e-09,6.866631041664425094e-10,3.633415739569853155e-10,1.439866658521571946e-10,0.000000000000000000e+00
0.000000000000000000e+00,5.967083494227694122e-05,9.485707572330812044e-05,1.134620672705405028e-04,1.210153548334803127e-04,1.213652088328566480e-04,1.171729418492408332e-04,1.102646549522803441e-04,1.018807803845821306e-04,9.285260003604183399e-05,8.372675555827633535e-05,7.485283250322933841e-05,6.644480498454015610e-05,5.862402889671542393e-05,5.144924523700262239e-05,4.493746100901295363e-05,3.907843799712662611e-05,3.384471129000758244e-05,2.919848671925436806e-05,2.509636200472570712e-05,2.149253180887868300e-05,1.834093723995798336e-05,1.559668067764332681e-05,1.321692936265029687e-05,1.116146338639969510e-05,9.392976622958086385e-06,7.877206482048103162e-06,6.582945720433336915e-06,5.481973846537306437e-06,4.548934742118371802e-06,3.761179514763054816e-06,3.098588255555487308e-06,2.543380598064389115e-06,2.079922271143452003e-06,1.694532876475891774e-06,1.375298675931969544e-06,1.111893089977808185e-06,8.954067824471905900e-07,7.181885684067525213e-07,5.736978826416408531e-07,4.563691535971031716e-07,3.614881185796278672e-07,2.850798743921463721e-07,2.238082714069329368e-07,1.748861192358083113e-07,1.359955713474795183e-07,1.052179881369758079e-07,8.097253784234920695e-08,6.196277771342404349e-08,4.713045983301679188e-08,3.561582325427958119e-08,2.672366330897408427e-08,1.989450708491643153e-08,1.468026854525569253e-08,1.072380529431123383e-08,7.741849648463368074e-09,5.510837834101922088e-09,3.855211500832934512e-09,2.637814282251138177e-09,1.752052089475502938e-09,1.115528642191776658e-09,6.649070828203510380e-10,3.517842029259849406e-10,1.393957954936119532e-10,0.000000000000000000e+00
0.000000000000000000e+00,5.884121836496429548e-05,9.353573132050926897e-05,1.118765446003252423e-04,1.193168434342546560e-04,1.196522733608512744e-04,1.155080585234247192e-04,1.086857024318783091e-04,1.004090030941572618e-04,9.149811123644942419e-05,8.249232855387121166e-05,7.373650338866690498e-05,6.544165206271892316e-05,5.772738287268751832e-05,5.065150662228938116e-05,4.423064698109103121e-05,3.845454324987104008e-05,3.329594123614749307e-05,2.871740328073979915e-05,2.467596970376631033e-05,2.112632323730453119e-05,1.802291104067082900e-05,1.532134108604738082e-05,1.297927354963108619e-05,1.095696091724282812e-05,9.217544022177145158e-06,7.727178982180698906e-06,6.455047642890177263e-06,5.373288625175996086e-06,4.456875294352747723e-06,3.683459449171035583e-06,3.033194250899005330e-06,2.488546177256166991e-06,2.034103112037623082e-06,1.656383740658891075e-06,1.343651991008006963e-06,1.085739186140853630e-06,8.738757576435678526e-07,7.005337362030565482e-07,5.592807416718438795e-07,4.446458061955462721e-07,3.519970581879083274e-07,2.774310559987704084e-07,2.176733761921398756e-07,1.699899233803023754e-07,1.321083293077725016e-07,1.021487423170677661e-07,7.856326925893557300e-08,6.008331574376258501e-08,4.567407325848823984e-08,3.449541939743855602e-08,2.586852695659241655e-08,1.924751596233545505e-08,1.419552724473882115e-08,1.036464466578316250e-08,7.479143655155555998e-09,5.321594693566825580e-09,3.721400522980472194e-09,2.545394142723272418e-09,1.690170312491980135e-09,1.075865795742515897e-09,6.411426032481584802e-10,3.391638654270606291e-10,1.343836378642729985e-10,0.000000000000000000e+00
0.000000000000000000e+00,5.785541534972751972e-05,9.196611481809193064e-05,1.099940805493345678e-04,1.173016615928588465e-04,1.176218012437610274e-04,1.135366645036789212e-04,1.068183734097535636e-04,9.867084175072080455e-05,8.990091103246614459e-05,8.103911085956627225e-05,7.242463674645051178e-05,6.426498712435764352e-05,5.667770542487135516e-05,4.971951915825185931e-05,4.340662496565827615e-05,3.772876736861252990e-05,3.265897571119408222e-05,2.816026867583724586e-05,2.419024364167830514e-05,2.070419208650391621e-05,1.765718847637922197e-05,1.500546450283188200e-05,1.270728590991419832e-05,1.072348328420390438e-05,9.017742415960185843e-06,7.556728087002270822e-06,6.310093122708421281e-06,5.250409269458847288e-06,4.353045839588299560e-06,3.596014655892510434e-06,2.959794625971880420e-06,2.427145593767579272e-06,1.982918478563147746e-06,1.613866797243989389e-06,1.308463253594162960e-06,1.056724019397934354e-06,8.500425247941229325e-07,6.810339510310576705e-07,5.433911307791400473e-07,4.317521774475836912e-07,3.415798632293851494e-07,2.690525299824487987e-07,2.109661358562128766e-07,1.646469048391703120e-07,1.278739489693369551e-07,9.881116784510876052e-08,7.594769214606649794e-08,5.804612257205910133e-08,4.409781885878851098e-08,3.328451166351244920e-08,2.494553984482811963e-08,1.855005405629751678e-08,1.367357205707113423e-08,9.978319480962239034e-09,7.196840100485685887e-09,5.118410296970676001e-09,3.577842226484794585e-09,2.446308057432754439e-09,1.623862905091593947e-09,1.033386180458325710e-09,6.156996786133182210e-10,3.256556918536185105e-10,1.290197158049354845e-10,0.000000000000000000e+00
0.000000000000000000e+00,5.672800209099831666e-05,9.017142464488532344e-05,1.078424773215801581e-04,1.149995420142120106e-04,1.153037130455185214e-04,1.112877658941786787e-04,1.046900948109917963e-04,9.669177583661466534e-05,8.808436169640804605e-05,7.938830851635699914e-05,7.093632744204183735e-05,6.293189100125676824e-05,5.549019078504734592e-05,4.866673347593947457e-05,4.247725072078580754e-05,3.691151923141908366e-05,3.194291983073762649e-05,2.753501995305514827e-05,2.364607961611412692e-05,2.023211012402328885e-05,1.724892469289888611e-05,1.465348716362503799e-05,1.240477211603265511e-05,1.046428504846327439e-05,8.796346360762433408e-06,7.368211702542978950e-06,6.150079626047038483e-06,5.115022478362025860e-06,4.238866034941773170e-06,3.500036094708395053e-06,2.879385143972331051e-06,2.360008575226023688e-06,1.927057353172948807e-06,1.567552136758048798e-06,1.270202476297610545e-06,1.025233662270383159e-06,8.242230074172628364e-07,6.599467290345838487e-07,5.262381178342038172e-07,4.178573019944554458e-07,3.303726181124499041e-07,2.600533690574005587e-07,2.037735707010636113e-07,1.589261563355785585e-07,1.233470122093942637e-07,9.524815411844880587e-08,7.315931828940099804e-08,5.587722538486097390e-08,4.242178031654607600e-08,3.199848904607339773e-08,2.396640343149161019e-08,1.781094354555208856e-08,1.312099120294157106e-08,9.569696484459287859e-09,6.898488964475080353e-09,4.903835580112263765e-09,3.426336371580976801e-09,2.341796694299879065e-09,1.553959225898252839e-09,9.886206570386610309e-10,5.888960475820841562e-10,3.114282936030811973e-10,1.233709630194317939e-10,0.000000000000000000e+00
0.000000000000000000e+00,5.547311527671840332e-05,8.817415891881457682e-05,1.054486961996502952e-04,1.124393156752884931e-04,1.127270188269975578e-04,1.087894825440321756e-04,1.023274516409125600e-04,9.449649859788838394e-05,8.607110044940876985e-05,7.756046534236420674e-05,6.929007009322908162e-05,6.145890383313997070e-05,5.417954869421845579e-05,4.750616805467800462e-05,4.145399610755921393e-05,3.601286795696661430e-05,3.115657906164592800e-05,2.684933076391565326e-05,2.305014263538405865e-05,1.971584753224367637e-05,1.680309930369640827e-05,1.426969292709461803e-05,1.207540597082550634e-05,1.018250700108175288e-05,8.556032563645181156e-06,7.163903842924530844e-06,5.976932922878022598e-06,4.968753875603471424e-06,4.115703680875020659e-06,3.396670843250768156e-06,2.792924560799027483e-06,2.287933748386908309e-06,1.867182674154289731e-06,1.517988119442853715e-06,1.229321608348590754e-06,9.916392294283304399e-07,7.967207914298358297e-07,6.375194511212000129e-07,5.080224793789937336e-07,4.031234607826420092e-07,3.185059305431678888e-07,2.505382253206005797e-07,1.961791500402606282e-07,1.528939325191746678e-07,1.185798445974058496e-07,9.150080672114180620e-08,7.023025752318029596e-08,5.360155645379632974e-08,4.066519195463496229e-08,3.065208646461241092e-08,2.294231949174099416e-08,1.703862822455836556e-08,1.254408918295406578e-08,9.143432050997127314e-09,6.587486252487124490e-09,4.680310496533450761e-09,3.268604204140477122e-09,2.233046468979570608e-09,1.481252294120879078e-09,9.420767874116067842e-10,5.610354857290507354e-10,2.966428655797640305e-10,1.175013674544353755e-10,0.000000000000000000e+00
0.000000000000000000e+00,5.410441863641760095e-05,8.599606207955164464e-05,1.028387933333718490e-04,1.096488427802205481e-04,1.099197481865535401e-04,1.060689796688001724e-04,9.975612171878264788e-05,9.210885577198447819e-05,8.388298263087244351e-05,7.557541070497893090e-05,6.750371141920342142e-05,5.986198184929061378e-05,5.275996539992230375e-05,4.625037417677146885e-05,4.034791772336201044e-05,3.504251493099528496e-05,3.030843435885688110e-05,2.611058933576433151e-05,2.240884746522496876e-05,1.916095578155782076e-05,1.632450135765023489e-05,1.385820012171706130e-05,1.172271793392916142e-05,9.881166185937601088e-06,8.299371233885913289e-06,6.945987157724934808e-06,5.792500651293439265e-06,4.813162485380294185e-06,3.984869995312020106e-06,3.287018068058801809e-06,2.701331202365907409e-06,2.211685741952008476e-06,1.803928892306434482e-06,1.465699322473208592e-06,1.186252817613910236e-06,9.562954456137805619e-07,7.678259362786631877e-07,6.139883801529101536e-07,4.889358916890311865e-07,3.877055182245701556e-07,3.061043909213522115e-07,2.406068914677429028e-07,1.882624378453629347e-07,1.466133652968901744e-07,1.136222879632468656e-07,8.760826677186955778e-08,6.719107511380352524e-08,5.124284127932992285e-08,3.884635161713379782e-08,2.925931742249336630e-08,2.188393848996908631e-08,1.624113427959175470e-08,1.194885727743674379e-08,8.703950251019633687e-09,6.267057900361452513e-09,4.450152390310295382e-09,3.106280213502046610e-09,2.121183839718370286e-09,1.406494962470932769e-09,8.942363780546194811e-10,5.324063318464071414e-10,2.814524029166781671e-10,1.114716600632597158e-10,0.000000000000000000e+00
0.000000000000000000e+00,5.263507405193434366e-05,8.365807880418444156e-05,1.000378642993114871e-04,1.066549531581436933e-04,1.069088898831071306e-04,1.031524088549116416e-04,9.700081938558603332e-05,8.955179275903706959e-05,8.154103271802522657e-05,7.345221452525009032e-05,6.559440920499125802e-05,5.815646016581206134e-05,5.124507009662305368e-05,4.491140578579414433e-05,3.916962993538865940e-05,3.400976976695596632e-05,2.940662080759122942e-05,2.532587955762532664e-05,2.172834193123240185e-05,1.857275293508192876e-05,1.581771644554038714e-05,1.342295026775729083e-05,1.135008528718217441e-05,9.563147350439753244e-06,8.028818674372627454e-06,6.716546532328269108e-06,5.598546807321288828e-06,4.649736003682202854e-06,3.847615569262904898e-06,3.172125577359330447e-06,2.605480036674202525e-06,2.131992708626616655e-06,1.737899881525825781e-06,1.411184784779660374e-06,1.141407021880667085e-06,9.195394215039166338e-07,7.378139588136250926e-07,5.895778210243614612e-07,4.691602395081014687e-07,3.717503558259470092e-07,2.932861104472779963e-07,2.303539259191434215e-07,1.800987900216962289e-07,1.401442206520013792e-07,1.085215061199169213e-07,8.360755661249592394e-08,6.407066994181283261e-08,4.882350304946209658e-08,3.698254625871494611e-08,2.783341648936977017e-08,2.080131548427111608e-08,1.542603678800813811e-08,1.134094835083363397e-08,8.255424117020455072e-09,5.940246028212011813e-09,4.215546065590416843e-09,2.940905093087894361e-09,2.007270434772703394e-09,1.330396648574671690e-09,8.455533818244893261e-10,5.032802293125360184e-10,2.660010320030034285e-10,1.053390489890801127e-10,0.000000000000000000e+00
0.000000000000000000e+00,5.107771711396835799e-05,8.118031502005857401e-05,9.706999720851617664e-05,1.034833958659222891e-04,1.037203408026597911e-04,1.000648582154860456e-04,9.408524796730653706e-05,8.684731003413913959e-05,7.906540301015477831e-05,7.120914934663488747e-05,6.357859773049043609e-05,5.635702146407871993e-05,4.964790669000713943e-05,4.350079414337260379e-05,3.792928222213088062e-05,3.292353012021559779e-05,2.845890970080005862e-05,2.450196511824646466e-05,2.101449292438447534e-05,1.795631133965428899e-05,1.528711590646168931e-05,1.296769864129897383e-05,1.096072391070632263e-05,9.231195800059214201e-06,7.746711092526365635e-06,6.477563744195496281e-06,5.396747145926584330e-06,4.479886853201991670e-06,3.705126993973596911e-06,3.052986947286086661e-06,2.506200233789007094e-06,2.049544260769526113e-06,1.669667198665258931e-06,1.354916545687890199e-06,1.095172666325866984e-06,8.816896350132630026e-07,7.069449878820234424e-07,5.644994220035478770e-07,4.488670411539134387e-07,3.553964012418407049e-07,2.801623371150239467e-07,2.198683412043292153e-07,1.717591028012608443e-07,1.335426965503628628e-07,1.033218234283562315e-07,7.953345159513799770e-08,6.089617329569132419e-08,4.636458327039054697e-08,3.508999013357902345e-08,2.638679152568920368e-08,1.970387350162197544e-08,1.460043189456637173e-08,1.072565592663446536e-08,7.801760085705077192e-09,5.609897524911912990e-09,3.978535540073431077e-09,2.773919894844408898e-09,1.892299006254964287e-09,1.253620620805018718e-09,7.964521557012525587e-10,4.739110809727169649e-10,2.504234549985341686e-10,9.915699884314637020e-11,0.000000000000000000e+00
0.000000000000000000e+00,4.944443698745996691e-05,7.858200579658432337e-05,9.395823410066583804e-05,1.001587977152818638e-04,1.003788639854087770e-04,9.683031142269392703e-05,9.103206073309913775e-05,8.401642655771540875e-05,7.647533975412667661e-05,6.886365926461064364e-05,6.147195948021353686e-05,5.447767038526917503e-05,4.798091073776337349e-05,4.202952715346801982e-05,3.663654070695228175e-05,3.179226525370806676e-05,2.747269396220637820e-05,2.364527661792303700e-05,2.027287504130934818e-05,1.731644764374397027e-05,1.473684808275039815e-05,1.249600663596025829e-05,1.055768163150610527e-05,8.887911623967169729e-06,7.455259602804019980e-06,6.230913151257794355e-06,5.188685473001544253e-06,4.304949004762407108e-06,3.558524145205323882e-06,2.930539209447318918e-06,2.404273203602564727e-06,1.964989811199440073e-06,1.599768685658186242e-06,1.297338471573774779e-06,1.047914742388801319e-06,8.430451141062104997e-07,6.754630864303910583e-07,5.389516147165717385e-07,4.282169878701731278e-07,3.387732510450669135e-07,2.668371482118181147e-07,2.092333544998370194e-07,1.633096113717701883e-07,1.268612612351577411e-07,9.806459565314304079e-08,7.541837753518989146e-08,5.769286793995445323e-08,4.388567830736533038e-08,3.318377538222818246e-08,2.493098549494824625e-08,1.860037426657287011e-08,1.377091457657414308e-08,1.010789746703775984e-08,7.346585567436576665e-09,5.278654927892804544e-09,3.741017457044234513e-09,2.606661359611521275e-09,1.777190198081655046e-09,1.176781830299745674e-09,7.473260691793808027e-10,4.445342143812548127e-10,2.348445061637475790e-10,9.297505441464741687e-11,0.000000000000000000e+00
0.000000000000000000e+00,4.774676043046394516e-05,7.588148986841827782e-05,9.072454032717600797e-05,9.670463040514429287e-05,9.690805539086389388e-05,9.347161530233067945e-05,8.786283004940794394e-05,8.107915090449393895e-05,7.378915645309693210e-05,6.643233548114118887e-05,5.928940291954781804e-05,5.253171344781638462e-05,4.625589139356849972e-05,4.050803319944247538e-05,3.530057374618935664e-05,3.062400323319312221e-05,2.645497680742200136e-05,2.276190155954861558e-05,1.950876177642568883e-05,1.665771506987905853e-05,1.417083156039478686e-05,1.201123586759474679e-05,1.014383309726911959e-05,8.535745250983143412e-06,7.156546385721998204e-06,5.978358382404145915e-06,4.975850802711938943e-06,4.126175543453031646e-06,3.408858106156957698e-06,2.805661084223813163e-06,2.300431098236957016e-06,1.878937308130193349e-06,1.528707404692805865e-06,1.238865362862089420e-06,9.999740416835851498e-07,8.038848158638479464e-07,6.435957367892416461e-07,5.131191892329891717e-07,4.073595945338680045e-07,3.220013848581448442e-07,2.534072174238772107e-07,1.985261987911772031e-07,1.548117375169190572e-07,1.201485309338291695e-07,9.278811233495812624e-08,7.129233321991526105e-08,5.448412697906066807e-08,4.140489146299884404e-08,3.127783472764187052e-08,2.347664764210385305e-08,1.749889611456136162e-08,1.294356187022785494e-08,9.492201761840518574e-09,6.893239572282571004e-09,4.948949546613949209e-09,3.504736118793096875e-09,2.440358397164671716e-09,1.662790109903497881e-09,1.100445277041591977e-09,6.985364555395310114e-10,4.153657527535407160e-10,2.193788175360707892e-10,8.683870783169330036e-11,0.000000000000000000e+00
0.000000000000000000e+00,4.599563979475788597e-05,7.309619051609230183e-05,8.738978159383300288e-05,9.314318590521273190e-05,9.333031904266457708e-05,9.001045564080347589e-05,8.459802439661463043e-05,7.805445979856518400e-05,7.102421406909154413e-05,6.393089821863708890e-05,5.704504609597978946e-05,5.053174426923335563e-05,4.448401815758653492e-05,3.894616931769016106e-05,3.393004141454957368e-05,2.942632161237060471e-05,2.541236351936555603e-05,2.185757710964612735e-05,1.872711916985623956e-05,1.598439785733505062e-05,1.359275032129321168e-05,1.151654395783367765e-05,9.721876119674527405e-06,8.176994287635804047e-06,6.852521961828242765e-06,5.721549994324057934e-06,4.759635349579448819e-06,3.944736953332447947e-06,3.257109706784503247e-06,2.679171740935801246e-06,2.195355763151584932e-06,1.791952350822273013e-06,1.456950895188287851e-06,1.179882331972491536e-06,9.516666371325164263e-07,7.644671953240129241e-07,6.115534837907430836e-07,4.871729998538496175e-07,3.864329581180487947e-07,3.051919679154477291e-07,2.399616541692849382e-07,1.878179927379240050e-07,1.463219847245629943e-07,1.134491857436763277e-07,8.752752969918763449e-08,6.718283719740530764e-08,5.129137190797813411e-08,3.893880011736933664e-08,2.938491591195507868e-08,2.203351375413213805e-08,1.640681887292541186e-08,1.212392139393887178e-08,8.882700303464706831e-09,6.444766301422959854e-09,4.622996762939201743e-09,3.271280093314739451e-09,2.276129681904038557e-09,1.549868633511798230e-09,1.025124894258771375e-09,6.504118959100012390e-10,3.866021855813718503e-10,2.041305907409701318e-10,8.078930789795716520e-11,0.000000000000000000e+00
0.000000000000000000e+00,4.420144482191237632e-05,7.024260250687797613e-05,8.397370830528484394e-05,8.949555970609959256e-05,8.966685016317124473e-05,8.646734082329247798e-05,8.125699288420751862e-05,7.496028371269183594e-05,6.819690780232328558e-05,6.137418470192356791e-05,5.475220579932324835e-05,4.848963385111302465e-05,4.267581221585476097e-05,3.735321351236100965e-05,3.253308871294580460e-05,2.820634145201705211e-05,2.435105619960048593e-05,2.093768550691624573e-05,1.793260180309789829e-05,1.530050778012391683e-05,1.300605072415019530e-05,1.101488192379374606e-05,9.294329423941144876e-06,7.813801583439215350e-06,6.545003533146836570e-06,5.462024053786138347e-06,4.541333320151450968e-06,3.761720090608548015e-06,3.104188653853174878e-06,2.551830063065072636e-06,2.089678118481875466e-06,1.704557670363517454e-06,1.384930739471020922e-06,1.120744441241877331e-06,9.032835821699779624e-07,7.250299564934433584e-07,5.795297294310689089e-07,4.612697964222853658e-07,3.655636196613524176e-07,2.884467385863043919e-07,2.265819123382561840e-07,1.771736669612226251e-07,1.378918789271921309e-07,1.068039222263782534e-07,8.231483293025730156e-08,6.311489791917967001e-08,4.813404912004695394e-08,3.650243735956328438e-08,2.751656743068084219e-08,2.061039516125925823e-08,1.533081544849946956e-08,1.131700497074196955e-08,8.283122499613499655e-09,6.003911593728998497e-09,4.302793427722404882e-09,3.042080336088868554e-09,2.114982323000295405e-09,1.439118533247807998e-09,9.512829320676186638e-10,6.032478238827788348e-10,3.584201315774577773e-10,1.891934710418119267e-10,7.486401005737972437e-11,0.000000000000000000e+00
0.000000000000000000e+00,4.237395803595991265e-05,6.733628477847706574e-05,8.049494682917388087e-05,8.578164152456504879e-05,8.593762588039453626e-05,8.286159289445304773e-05,7.785795687377824830e-05,7.181349916442040810e-05,6.532266010579307455e-05,5.877614289382014309e-05,5.242339199357159084e-05,4.641652566618030697e-05,4.084114213249832740e-05,3.573786099872670158e-05,3.111734230833827102e-05,2.697072450309121911e-05,2.327685134427362083e-05,2.000725198411345599e-05,1.712955102384814020e-05,1.460978263580506255e-05,1.241394022227385873e-05,1.050899309366505377e-05,8.863531734582695196e-06,7.448154462497496636e-06,6.235674339336618148e-06,5.201201599791571603e-06,4.322140465048154903e-06,3.578127811669576024e-06,2.950933222984810065e-06,2.424334394061983180e-06,1.983977949848769292e-06,1.617232958031583178e-06,1.313042422375581511e-06,1.061776588430257936e-06,8.550908176635782253e-07,6.857899769176745628e-07,5.477006719397759210e-07,4.355521752677920149e-07,3.448665249070196956e-07,2.718579769036118535e-07,2.133417652214918366e-07,1.666519441462196822e-07,1.295679527733443073e-07,1.002494410268417047e-07,7.717882646858522722e-08,5.911100617173475312e-08,4.502962403327517265e-08,3.410928745399048244e-08,2.568313505398428743e-08,1.921517608496644423e-08,1.427684982032386520e-08,1.052728712111737950e-08,7.696794551836487427e-09,5.573122100013579545e-09,3.990117260166614509e-09,2.818409759522563920e-09,1.957811561255544577e-09,1.331155237399466241e-09,8.793298182275321969e-10,5.573064364878100142e-10,3.309762854374588337e-10,1.746505191061406447e-10,6.909576519036163716e-11,0.000000000000000000e+00
0.000000000000000000e+00,4.052237352312191340e-05,6.439185853098259400e-05,7.697099727685665304e-05,8.202011302971138132e-05,8.216140306640013651e-05,7.921134560967213142e-05,7.441800829635536094e-05,6.862992731962691247e-05,6.241591957287351386e-05,5.614983065026981371e-05,5.007030721456020130e-05,4.432283526909792649e-05,3.898922364278805422e-05,3.410822414804291975e-05,2.968991060164764725e-05,2.572567337139615402e-05,2.219514008207124122e-05,1.907094505883636244e-05,1.632199527214034274e-05,1.391568659231163198e-05,1.181938771906499358e-05,1.000141346121493471e-05,8.431642121391165419e-06,7.081885055277620564e-06,5.926083971146828379e-06,4.940388935943461240e-06,4.103154348585802846e-06,3.394879219204936652e-06,2.798110481239528375e-06,2.297322736909879727e-06,1.878784085846818953e-06,1.530415021947064104e-06,1.241645468505219871e-06,1.003273626149837198e-06,8.073292751257353516e-07,6.469433962893645390e-07,5.162253813591416364e-07,4.101486432611274504e-07,3.244450782471179543e-07,2.555085497066684378e-07,2.003073430487773932e-07,1.563053700585268412e-07,1.213917710898351985e-07,9.381846763856254828e-08,7.214515083162536831e-08,5.519114860811415086e-08,4.199359189754620442e-08,3.177129440699771136e-08,2.389376856360583754e-08,1.785481889156093820e-08,1.325018109956928972e-08,9.758708169770556659e-09,7.126641807308406925e-09,5.154547041805033205e-09,3.686528145005870082e-09,2.601384174293606837e-09,1.805401439011291894e-09,1.226517303459254833e-09,8.096244711162228511e-10,5.128168955536464762e-10,3.044075388416986656e-10,1.605742753988786020e-10,6.351334521942938795e-11,0.000000000000000000e+00
0.000000000000000000e+00,3.865529888027046952e-05,6.142301037844816658e-05,7.341823738048676190e-05,7.822845213722797743e-05,7.835572284696775227e-05,7.553354902554756923e-05,7.095311423166536947e-05,6.542433849588376381e-05,5.949016531817439375e-05,5.350741994449397508e-05,4.770385061216239901e-05,4.221825413828162127e-05,3.712862328163234123e-05,3.247183589433883487e-05,2.825738690836310631e-05,2.447693447089024276e-05,2.111091090202165072e-05,1.813307904009376598e-05,1.551365237203546679e-05,1.322141227284820588e-05,1.122512545557222583e-05,9.494473386496747684e-06,8.000641524543626132e-06,6.716671659836095423e-06,5.617649579723664050e-06,4.680778699821641502e-06,3.885375290057702467e-06,3.212810486929766146e-06,2.646417006398830381e-06,2.171373378563321239e-06,1.774574937644095662e-06,1.444498251201130309e-06,1.171063839581629475e-06,9.455007004452412682e-07,7.602151638461852697e-07,6.086658587799067707e-07,4.852460030678709904e-07,3.851737878978017994e-07,3.043912841425974014e-07,2.394720276219778356e-07,1.875372292429560523e-07,1.461803923141586921e-07,1.133999949831637161e-07,8.753980426638646746e-08,6.723632432256837545e-08,5.137284108024883956e-08,3.903950425753662038e-08,2.949888283010658241e-08,2.215643807981918430e-08,1.653537676797613587e-08,1.225537328631796392e-08,9.014681685139967745e-09,6.575194372415141304e-09,4.750042397532518380e-09,3.393371212277590171e-09,2.391964519383931961e-09,1.658426384140519180e-09,1.125667516443490652e-09,7.424750375643863682e-10,4.699758018952816829e-10,2.788312651653500004e-10,1.470269116058202198e-10,5.814140330073008838e-11,0.000000000000000000e+00
0.000000000000000000e+00,3.678076010688442711e-05,5.844250020027634090e-05,6.985193203267424378e-05,7.442294340394110808e-05,7.453692130691474342e-05,7.184398016285747696e-05,6.747812730179618651e-05,6.221046214342459187e-05,5.655791645799875780e-05,5.086020579637517118e-05,4.533412630321957508e-05,4.011175744424088307e-05,3.526726557114000270e-05,3.083565635339899125e-05,2.682585552707068344e-05,2.322980356409225092e-05,2.002875469104977807e-05,1.719761859027804554e-05,1.470793364654467575e-05,1.252988445296768688e-05,1.063365231912337107e-05,8.990300545237477433e-06,7.572335373421418161e-06,6.354041057950061616e-06,5.311657916919405688e-06,4.423451653147831749e-06,3.669707928111613271e-06,3.032676221112183821e-06,2.496480067097670896e-06,2.047005908622596206e-06,1.671779374610261150e-06,1.359835365335435795e-06,1.101586573194375707e-06,8.886937927976826803e-07,7.139404287645812414e-07,5.711128980933808436e-07,4.548880801064231673e-07,3.607285458448726336e-07,2.847859697872143555e-07,2.238128687720504323e-07,1.750826112192435185e-07,1.363174835167251644e-07,1.056244818444254270e-07,8.143841058834781070e-08,6.247180787002083234e-08,4.767118037652003009e-08,3.617900996953630698e-08,2.730099023568976394e-08,2.047795930536606793e-08,1.526201329956309698e-08,1.129631032439316122e-08,8.298105948674457079e-09,6.044595760321056636e-09,4.361177346749045788e-09,3.111781575420357747e-09,2.190960291044291018e-09,1.517453644504862476e-09,1.028994576242090262e-09,6.781400260165069570e-10,4.289479233729475356e-10,2.543457565266423329e-10,1.340604630442710321e-10,5.300056620019274120e-11,0.000000000000000000e+00
0.000000000000000000e+00,3.490620921016493998e-05,5.546217332443542327e-05,6.628624804491358357e-05,7.061869404391598736e-05,7.072014590405332536e-05,6.815725926376822816e-05,6.400680142037775701e-05,5.900100187042629893e-05,5.363074628606639136e-05,4.821861953311252651e-05,4.297045569178177071e-05,3.801161543088644779e-05,3.341244348238502266e-05,2.920608239626345506e-05,2.540090046375632150e-05,2.198913368120926603e-05,1.895287189491355145e-05,1.626818517642430163e-05,1.390794970820792686e-05,1.184376523916318917e-05,1.004723845772614713e-05,8.490824025486327667e-06,7.148357210238591848e-06,5.995371708482844024e-06,5.009268138979424922e-06,4.169379134065690116e-06,3.456963357491556997e-06,2.855151315195438346e-06,2.348859226285565487e-06,1.924682600154660548e-06,1.570777908630234198e-06,1.276738425965552908e-06,1.033468643326717128e-06,8.330604490273882915e-07,6.686733652226995686e-07,5.344204536659873765e-07,4.252609846758156200e-07,3.369005619785493998e-07,2.656990824434641612e-07,2.085866638199940496e-07,1.629874813267509269e-07,1.267513051841853978e-07,9.809241836568219895e-08,7.553551109128637707e-08,5.786809113951499360e-08,4.409891288683133466e-08,3.342190960492362789e-08,2.518510984914466842e-08,1.886402697268937613e-08,1.403902839801029310e-08,1.037621603102027959e-08,7.611379132265180222e-09,5.536614330580940553e-09,3.989242792473394924e-09,2.842690595659373477e-09,1.999034075293124612e-09,1.382946505247026849e-09,9.368153271828926574e-10,6.168298036114488071e-10,3.898671566607604616e-10,2.310308010787156117e-10,1.217171356324518803e-10,4.810755630000309277e-11,0.000000000000000000e+00
0.000000000000000000e+00,3.303853428966318264e-05,5.249297666915711395e-05,6.273427367439053561e-05,6.682965508008665862e-05,6.691937709712888734e-05,6.448687115728622037e-05,6.055181243068206542e-05,5.580765507176006334e-05,5.071930073281756849e-05,4.559224600010310709e-05,4.062139340644110722e-05,3.592540808978554850e-05,3.157083188038937321e-05,2.758895991381897519e-05,2.398761657434969827e-05,2.075934520459619991e-05,1.788708161149749434e-05,1.534806524033914158e-05,1.311651777380746942e-05,1.116546059470272740e-05,9.467931081645650866e-06,7.997779467129923053e-06,6.730173226891057090e-06,5.641897737901947661e-06,4.711515303825630801e-06,3.919426110940836091e-06,3.247861785711023210e-06,2.680833252306451169e-06,2.204048329178832233e-06,1.804810119418935753e-06,1.471904158758451393e-06,1.195480086471022107e-06,9.669320222862688857e-07,7.787806779266383314e-07,6.245593761876257803e-07,4.987055059685047213e-07,3.964584487880016059e-07,3.137646306089325006e-07,2.471900546015292513e-07,1.938404367270380916e-07,1.512888833381314214e-07,1.175109087302920967e-07,9.082648354709225494e-08,6.984872655028807425e-08,5.343879797308215460e-08,4.066651864951108568e-08,3.077622201882208627e-08,2.315734297867527420e-08,1.731925574702687042e-08,1.286989000120995855e-08,9.497678457766565186e-09,6.956417846653651989e-09,5.052657267077393302e-09,3.635261772918028858e-09,2.586833534138971549e-09,1.816707083832209745e-09,1.255268217928031762e-09,8.493774806600365279e-10,5.587084242055630647e-10,3.528377015531200924e-10,2.089483878430475061e-10,1.100296806658530991e-10,4.347534055242105580e-11,0.000000000000000000e+00
0.000000000000000000e+00,3.118407186617644665e-05,4.954497846716827655e-05,5.920804246553886354e-05,6.306864714173554412e-05,6.314745468917103632e-05,6.084519124288345876e-05,5.712478316188723316e-05,5.264113671617383621e-05,4.783332069244249172e-05,4.298984433688508118e-05,3.829474650051473345e-05,3.386004280343159352e-05,2.974850365756733325e-05,2.598959850543912235e-05,2.259062288453316973e-05,1.954443790189950301e-05,1.683483242237553146e-05,1.444021991431614855e-05,1.233617034902942980e-05,1.049712807596842477e-05,8.897561331297812302e-06,7.512715137802664770e-06,6.319087621546370211e-06,5.294713646153977937e-06,4.419314490610114470e-06,3.674354775699855765e-06,3.043035655987635101e-06,2.510244809343773759e-06,2.062477835895223945e-06,1.687741530402072394e-06,1.375446567121367790e-06,1.116295055024135534e-06,9.021669231048549428e-07,7.260080019693654975e-07,5.817218571200446427e-07,4.640668185131370565e-07,3.685591837436492016e-07,2.913832103329085686e-07,2.293082298978256894e-07,1.796129954209894469e-07,1.400171997444813544e-07,1.086199696429731638e-07,8.384503857322872607e-08,6.439222713968738108e-08,4.919480914640499961e-08,3.738230918063187313e-08,2.824826181949663377e-08,2.122245994968262726e-08,1.584722781106025452e-08,1.175727094590292993e-08,8.662678222960089856e-09,6.334678711184576538e-09,4.593786831121312656e-09,3.300001566797331971e-09,2.344758448036886993e-09,1.644365589464613738e-09,1.134686567813338083e-09,7.668627797945214640e-10,5.038957530941877577e-10,3.179354258210277637e-10,1.881435258918922654e-10,9.902183038756575093e-11,3.911330359408615805e-11,0.000000000000000000e+00
0.000000000000000000e+00,2.934862121973241805e-05,4.662739119656064517e-05,5.571856095268821454e-05,5.934739041797762319e-05,5.941610838734877369e-05,5.724351560169467479e-05,5.373631243201601758e-05,4.951120684594828190e-05,4.498166780069146270e-05,4.041937193174665233e-05,3.599759655948056732e-05,3.182177463215536223e-05,2.795094825937050932e-05,2.441278832308988074e-05,2.121407784428849390e-05,1.834800468969416032e-05,1.579921476704006144e-05,1.354729610768530497e-05,1.156916512747257868e-05,9.840685641214099832e-06,8.337752089323573554e-06,7.036998837526411963e-06,5.916248680382506292e-06,4.954779645073398943e-06,4.133465469269495704e-06,3.434828613867347396e-06,2.843033181989480291e-06,2.343837115635307288e-06,1.924517458332902551e-06,1.573778559505984781e-06,1.281650336480007000e-06,1.039381745793405926e-06,8.393332010901491908e-07,6.748706421111416351e-07,5.402631933744181398e-07,4.305857739189619914e-07,3.416275779016389588e-07,2.698070037763761979e-07,2.120933425776485595e-07,1.659353264458177407e-07,1.291964750058337708e-07,1.000970509132251796e-07,7.716234036384628694e-08,5.917690460339134833e-08,4.514440038421625475e-08,3.425253744683759060e-08,2.584272644233799624e-08,1.938396858550049992e-08,1.445054633684898298e-08,1.070309039828968727e-08,7.872620343644453056e-09,5.747182585938359308e-09,4.160738619459482035e-09,2.983987291084656993e-09,2.116836182953372943e-09,1.482268154231202872e-09,1.021379003563986597e-09,6.893905536694515770e-10,4.524698532263338070e-10,2.852093980110689348e-10,1.686451643144234554e-10,8.870878714106112690e-11,3.502744215495963204e-11,0.000000000000000000e+00
0.000000000000000000e+00,2.753746050312591798e-05,4.374859734499559954e-05,5.227583977319101897e-05,5.567653828057904570e-05,5.573599208350263682e-05,5.369209474753682931e-05,5.039600752861795051e-05,4.642670134528932509e-05,4.217235324839681743e-05,3.788801117014313935e-05,3.373632436129841034e-05,2.981622892024669152e-05,2.618309230656249925e-05,2.286281880278746631e-05,1.986169627493287695e-05,1.717324690954389000e-05,1.478297466418356491e-05,1.267163878932676237e-05,1.081749594820442155e-05,9.197821393394627827e-06,7.789926614404053278e-06,6.571825524079586542e-06,5.522655489532948342e-06,4.622927546144958681e-06,3.854657847455719607e-06,3.201416888113998588e-06,2.648322239611836894e-06,2.181993018842671901e-06,1.790479060562928681e-06,1.463174085462522487e-06,1.190719559616755817e-06,9.649040929329829539e-07,7.785618930098985224e-07,6.254728185134824437e-07,5.002658548587630971e-07,3.983272912505944996e-07,3.157144620830719612e-07,2.490755933818806806e-07,1.955760431962144420e-07,1.528310275856642480e-07,1.188447698425172150e-07,9.195589171342502212e-08,7.078877555876311489e-08,5.421056087452550611e-08,4.129339354358376525e-08,3.128151831745931982e-08,2.356279151180671152e-08,1.764418919978118405e-08,1.313089403770532047e-08,9.708559217490525166e-09,7.128369087081087802e-09,5.194541101064438008e-09,3.753941552188553268e-09,2.687516786510832866e-09,1.903271311212054546e-09,1.330553541541882418e-09,9.154382522006726143e-10,6.170216077133774231e-10,4.044695970528208525e-10,2.546835651572537579e-10,1.504671991466909855e-10,7.909775875815346486e-11,3.122057784201282701e-11,0.000000000000000000e+00
0.000000000000000000e+00,2.575536440062689455e-05,4.091617763894383705e-05,4.888892774639454973e-05,5.206571409578990251e-05,5.211672136587222853e-05,5.020017053609783053e-05,4.711251970395732424e-05,4.339556553893889469e-05,3.941256922034718944e-05,3.540219859626537969e-05,3.151663673894786459e-05,2.784842590008599966e-05,2.444932202134720558e-05,2.134349901769161173e-05,1.853676776843569775e-05,1.602299090013444040e-05,1.378852858585758362e-05,1.181530429247093516e-05,1.008290465704219570e-05,8.570004119512269767e-06,7.255317875010707722e-06,6.118225551595790450e-06,5.139165182683711416e-06,4.299867114734423347e-06,3.583476622437067922e-06,2.974599472284561206e-06,2.459294561108613733e-06,2.025030710855196125e-06,1.660619782039764180e-06,1.356134819560480026e-06,1.102819510705617932e-06,8.929935019523188237e-07,7.199568723642687738e-07,5.778961489961641186e-07,4.617935726489185004e-07,3.673408118111249802e-07,2.908579319196380811e-07,2.292181243663830770e-07,1.797784632232425963e-07,1.403167724300151935e-07,1.089745416288543172e-07,8.420571730296418913e-08,6.473111167822702797e-08,4.949811051867924841e-08,3.764531886135907296e-08,2.847175782048361645e-08,2.141021316539107049e-08,1.600433505818473445e-08,1.188909598645317273e-08,8.774228621747961116e-09,6.430285357851108164e-09,4.676985115033236376e-09,3.373539313174223237e-09,2.410676584266186758e-09,1.704113864335531990e-09,1.189249202565605263e-09,8.168783414784875557e-10,5.497623962924367133e-10,3.598974677998337476e-10,2.263585521501121866e-10,1.336095533089842560e-10,7.018853276192536594e-11,2.769258534868582143e-11,0.000000000000000000e+00
0.000000000000000000e+00,2.400662310605084358e-05,3.813694137694630018e-05,4.556594848255467840e-05,4.852355075422888755e-05,4.856691378196112478e-05,4.677601575979062901e-05,4.389358223013633111e-05,4.042489019054660649e-05,3.670872255655232544e-05,3.296765611381562649e-05,2.934359530056326594e-05,2.592280697849074454e-05,2.275350716937522627e-05,1.985817939135733798e-05,1.724217630253032613e-05,1.489970565238332858e-05,1.281797929316166141e-05,1.098007447055343529e-05,9.366893718842043422e-06,7.958494490730047782e-06,6.734978462823324396e-06,5.677073416197315852e-06,4.766500630869020203e-06,3.986192808826976276e-06,3.320408066335311377e-06,2.754771973515760639e-06,2.276270177432453777e-06,1.873207566851311987e-06,1.535145343289180621e-06,1.252824141558282914e-06,1.018079069056896082e-06,8.237509132456591202e-07,6.635965993490670794e-07,5.322011271372279397e-07,4.248925823428788684e-07,3.376613406406862032e-07,2.670842165101564833e-07,2.102540260149093015e-07,1.647148112470845455e-07,1.284028008697107233e-07,9.959304596749526147e-08,7.685156615126620711e-08,5.899276220878359059e-08,4.504179438105059703e-08,3.420158616617286699e-08,2.582408952964773198e-08,1.938543601536055659e-08,1.446459726806750954e-08,1.072518588709387127e-08,7.900041527544212368e-09,5.778266136701165990e-09,4.194394733507006542e-09,3.019412965500317188e-09,2.153358747271453047e-09,1.519271707860067247e-09,1.058280227053582224e-09,7.256409517352904891e-10,4.875694235131602460e-10,3.187225139165143178e-10,2.002135594774859426e-10,1.180593155752674384e-10,6.197408195395303751e-11,2.444063313690745679e-11,0.000000000000000000e+00
0.000000000000000000e+00,2.229506240028676319e-05,3.541695851529628309e-05,4.231413909712045416e-05,4.505773246002247706e-05,4.509423138480400249e-05,4.342697596779598738e-05,4.074605057103896668e-05,3.752094948107742009e-05,3.406647024286568558e-05,3.058942386114723189e-05,2.722164667081244824e-05,2.404326239694606318e-05,2.109902623635392574e-05,1.840977451565224194e-05,1.598042084045469801e-05,1.380552133913627046e-05,1.187313244626366785e-05,1.016747153653439196e-05,8.670739431262472897e-06,7.364356790272705134e-06,6.229790967950946104e-06,5.249096904543907018e-06,4.405258482797533977e-06,3.682390821841764979e-06,3.065845874369892203e-06,2.542251081163100529e-06,2.099502055575678653e-06,1.726724151495707149e-06,1.414213494396224626e-06,1.153365057209840581e-06,9.365932460881334805e-07,7.572489529426316711e-07,6.095359444271858152e-07,4.884286621985254154e-07,3.895929191515983411e-07,3.093105311433928598e-07,2.444085828877933845e-07,1.921937625875147219e-07,1.503919935638819714e-07,1.170934295848097277e-07,9.070275457928431985e-08,6.989463031291498710e-08,5.357406239972483394e-08,4.084140184516737738e-08,3.096166297661106255e-08,2.333781642634471450e-08,1.748770543668708100e-08,1.302423306446935797e-08,9.638474994179311236e-09,7.085385937281972376e-09,5.171785491367184335e-09,3.746330523560082856e-09,2.691204466697680993e-09,1.915278381000018604e-09,1.348523407815234750e-09,9.374786495930212831e-10,6.416020198496220181e-10,4.303538186282725612e-10,2.808834207035660700e-10,1.762083362154697450e-10,1.037919246968519709e-10,5.444119400666708146e-11,2.145943365884452900e-11,0.000000000000000000e+00
0.000000000000000000e+00,2.062406461551746990e-05,3.276159316594142075e-05,3.913989061953883093e-05,4.167503833518982324e-05,4.170542510990515807e-05,4.015951306551268879e-05,3.767594424204477729e-05,3.468924056076103498e-05,3.149075635022797082e-05,2.827189440724202954e-05,2.515465392751088555e-05,2.221315996678361308e-05,1.948879256647115276e-05,1.700078682547275693e-05,1.475363669097896720e-05,1.274224851714240093e-05,1.095551380695024293e-05,9.378773422863734993e-06,7.995505594671662933e-06,6.788471039824006326e-06,5.740478701315131893e-06,4.834886543985161222e-06,4.055917466477480980e-06,3.388846351197407129e-06,2.820097507593496785e-06,2.337280082811143323e-06,1.929180879033647411e-06,1.585728347372085836e-06,1.297937567575212348e-06,1.057843244141063825e-06,8.584257870544446921e-07,6.935341468117733961e-07,5.578080649015405845e-07,4.466016634499228179e-07,3.559097500496436035e-07,2.822978005346408371e-07,2.228362660211910270e-07,1.750396052971297686e-07,1.368102520836074258e-07,1.063875767036829276e-07,8.230178473880093214e-08,6.333260516590296857e-08,4.847255261598056662e-08,3.689449915904164210e-08,2.792325744519497546e-08,2.101085660980305570e-08,1.571518289271737533e-08,1.168165647867468460e-08,8.627622888022143619e-09,6.329149761741634956e-09,4.609936687617672940e-09,3.332065563997170526e-09,2.388340812982427549e-09,1.695991612133422866e-09,1.191531440594127773e-09,8.265930040083301622e-10,5.645785191542596798e-10,3.779860332701430056e-10,2.462916636851361953e-10,1.542852055027659943e-10,9.077238501455509657e-11,4.757111779411543965e-11,1.874150023015904530e-11,0.000000000000000000e+00
0.000000000000000000e+00,1.899659028163624557e-05,3.017553817961574877e-05,3.604878970167093579e-05,3.838138741244737518e-05,3.840638054759953359e-05,3.697925026479753928e-05,3.468848994491398915e-05,3.193452428361478909e-05,2.898585005627127146e-05,2.601884792837691360e-05,2.314592891973031027e-05,2.043537459155257029e-05,1.792528119998138615e-05,1.563333089154300427e-05,1.356361741260112413e-05,1.171139780635959354e-05,1.006638685846761159e-05,8.615029505102003395e-06,7.342057498024693721e-06,6.231545399676435864e-06,5.267616653549612923e-06,4.434905256501512216e-06,3.718846865958237720e-06,3.105851016952486393e-06,2.583390663897097911e-06,2.140034489620046234e-06,1.765439921211664576e-06,1.450319562206188498e-06,1.186390096344048956e-06,9.663101538680214188e-07,7.836118199624443572e-07,6.326291736996640760e-07,5.084263145128003407e-07,4.067266519918196416e-07,3.238447287471493581e-07,2.566214641637568213e-07,2.023634143722095604e-07,1.587864170618453766e-07,1.239638126859380179e-07,9.627929497636561966e-08,7.438433561827156674e-08,5.716004473083539701e-08,4.368326617897248347e-08,3.319666135294022323e-08,2.508250416198726017e-08,1.883989127175243262e-08,1.406506304369275937e-08,1.043453040172994203e-08,7.690709334072407357e-09,5.629776479041376259e-09,4.091474940579013421e-09,2.950617981446424965e-09,2.110058548411302030e-09,1.494913838271359925e-09,1.047855601546745836e-09,7.252980212211762894e-10,4.943353409834383332e-10,3.303006090001983896e-10,2.148347091313911720e-10,1.343711202729333070e-10,7.895650021763433428e-11,4.134021936638759354e-11,1.627740773483350667e-11,0.000000000000000000e+00
0.000000000000000000e+00,1.741520025966270918e-05,2.766285050207473975e-05,3.304566124884113026e-05,3.518188460898061796e-05,3.520216469531499567e-05,3.389101797577287277e-05,3.178816558389133975e-05,2.926086675120172329e-05,2.655538439949959925e-05,2.383348804058813350e-05,2.119826516769213130e-05,1.871231830165551686e-05,1.641055615896773646e-05,1.430915810313899758e-05,1.241183705530847305e-05,1.071419986018556689e-05,9.206770675054392348e-06,7.877076539014901912e-06,6.711076086582642487e-06,5.694128723236626642e-06,4.811642584483853292e-06,4.049498122758401651e-06,3.394315090628803537e-06,2.833610358004176668e-06,2.355879813806585542e-06,1.950627715636149127e-06,1.608359963644653756e-06,1.320552973192914600e-06,1.079606465330703744e-06,8.787861390309657971e-07,7.121605251816163487e-07,5.745351359097593792e-07,4.613861668612810932e-07,3.687953838265185513e-07,2.933873597882611002e-07,2.322698772191876209e-07,1.829780414074506431e-07,1.434224420438620534e-07,1.118415374122337478e-07,8.675830801210994464e-08,6.694112707073465052e-08,5.136871892496258340e-08,3.919901873642012394e-08,2.974170536057434652e-08,2.243415090139079274e-08,1.682051340698341205e-08,1.253369142662584129e-08,9.279859089224223001e-09,6.825306481116777696e-09,4.985321052106679538e-09,3.614860361900160442e-09,2.600783633638070229e-09,1.855428383659543286e-09,1.311338058440250643e-09,9.169664724026097616e-10,6.332043693206817192e-10,4.305922059647920943e-10,2.871009653434572073e-10,1.863792282648856700e-10,1.163797277405803540e-10,6.829211234016275824e-11,3.572064070259191749e-11,1.405605443282752673e-11,0.000000000000000000e+00
0.000000000000000000e+00,1.588207817717278528e-05,2.522698700763636995e-05,3.013461161627092440e-05,3.208086729504357415e-05,3.209707329595330586e-05,3.089890025238750356e-05,2.897874478967207046e-05,2.667168131179544570e-05,2.420239543452921337e-05,2.171847797999702421e-05,1.931397106035681572e-05,1.704597054062831994e-05,1.494629794333247335e-05,1.302968152440946785e-05,1.129947254399065163e-05,9.751625449827732705e-06,8.377457882190777384e-06,7.165554668662090864e-06,6.103072184199770137e-06,5.176623152569277120e-06,4.372868142650201910e-06,3.678902167328333654e-06,3.082498258663199224e-06,2.572251336955335000e-06,2.137652740752724266e-06,1.769116758436268284e-06,1.457974213269034825e-06,1.196443768782941400e-06,9.775885564911208835e-07,7.952635764154115765e-07,6.440578005412983355e-07,5.192338250055587891e-07,4.166671343648603596e-07,3.327864686964198515e-07,2.645163587238799809e-07,2.092225728593021428e-07,1.646609739056103603e-07,1.289300923550551614e-07,1.004275741824124305e-07,7.781054437879728444e-08,5.995983658520701933e-08,4.594796926859041760e-08,3.501069633411442643e-08,2.652192206143419701e-08,1.997174448021302387e-08,1.494737579823001427e-08,1.111668154787156481e-08,8.214080195007666280e-09,6.028550685123435078e-09,4.393505551479059203e-09,3.178300677314406566e-09,2.281168615692037111e-09,1.623379679950151050e-09,1.144453102180236821e-09,7.982588135171426670e-10,5.498683388436988347e-10,3.730305361754163693e-10,2.481641605575884113e-10,1.607742930780236764e-10,1.002134220318944366e-10,5.872033362169269900e-11,3.068095466214312560e-11,1.206492225499151269e-11,0.000000000000000000e+00
0.000000000000000000e+00,1.439905299177444494e-05,2.287084053185297426e-05,2.731907203493677934e-05,2.908195209428265368e-05,2.909467839211308043e-05,2.800628142708469940e-05,2.626334160020326577e-05,2.416977068230355668e-05,2.192936147673053973e-05,1.967597684151553084e-05,1.749490308365556481e-05,1.543790845807557907e-05,1.353383101334046963e-05,1.179600072093724818e-05,1.022742601933008721e-05,8.824405496610748220e-06,7.579032558095994594e-06,6.480923371509504969e-06,5.518400650492879999e-06,4.679296648403933862e-06,3.951489920222939128e-06,3.323256081401640834e-06,2.783488720832323652e-06,2.321829788815702474e-06,1.928737029034935259e-06,1.595507831552243821e-06,1.314273175651875132e-06,1.077971350584591155e-06,8.803083594955986621e-07,7.157099580251265981e-07,5.792688981461455272e-07,4.666899627501543743e-07,3.742346655033077893e-07,2.986669700821212543e-07,2.372009960408614712e-07,1.874513864253927040e-07,1.473867884130620953e-07,1.152867247317009378e-07,8.970199807385117230e-08,6.941866464763096886e-08,5.342553037988147257e-08,4.088505975090043922e-08,3.110753951577911883e-08,2.352830508503873161e-08,1.768781399339371168e-08,1.321433689191290655e-08,9.809030291391061611e-09,7.233155469877124548e-09,5.297213283208466384e-09,3.851773959391475574e-09,2.779793311456489318e-09,1.990221282174029684e-09,1.412724566395778801e-09,9.933615844536555796e-10,6.910647538773107431e-10,4.748013812773633209e-10,3.213002228331309915e-10,2.132455798434768728e-10,1.378545233370105466e-10,8.576536540755020562e-11,5.017675949338042421e-11,2.618680989121792271e-11,1.029033310359845943e-11,0.000000000000000000e+00
0.000000000000000000e+00,1.296762152036034081e-05,2.059677584385788559e-05,2.460184195352921826e-05,2.618808157717302301e-05,2.619787575089925491e-05,2.521589259462002079e-05,2.364445497110255343e-05,2.175736888290977504e-05,1.973824214583936313e-05,1.770767560620633354e-05,1.574249883056794304e-05,1.388933698104966276e-05,1.217415105037880112e-05,1.060892636714613331e-05,9.196346964652621147e-06,7.933050897448578888e-06,6.811887937287688520e-06,5.823477215810433772e-06,4.957274361438197688e-06,4.202295355354987029e-06,3.547600355295093832e-06,2.982609805048062269e-06,2.497303455957230386e-06,2.082337753137814377e-06,1.729106446576527445e-06,1.429761902499132299e-06,1.177209444012250941e-06,9.650834605693689971e-07,7.877115162215371768e-07,6.400709243425579151e-07,5.177410107412867471e-07,4.168533982543201816e-07,3.340420042521761698e-07,2.663939727264071977e-07,2.114024133474459984e-07,1.669215560776574048e-07,1.311247277700596688e-07,1.024654004536323659e-07,7.964143858967108413e-08,6.156257678712879590e-08,4.732108486148952756e-08,3.616551977541046497e-08,2.747742094964665110e-08,2.075077435668881573e-08,1.557404980486871595e-08,1.161460326962636239e-08,8.605230615532291985e-09,6.332659316079439967e-09,4.627769684934568957e-09,3.357345664095886023e-09,2.417166462153305183e-09,1.726263496957313798e-09,1.222181473519960954e-09,8.570974244073252706e-10,5.946666597214165146e-10,4.074794145186837152e-10,2.750262282514072262e-10,1.820835085132237607e-10,1.174431562321958760e-10,7.292145973587040735e-11,4.259265167653350725e-11,2.220155982701406813e-11,8.717698830147907278e-12,0.000000000000000000e+00
0.000000000000000000e+00,1.158897078413550095e-05,1.840666531856370304e-05,2.198513200692772137e-05,2.340157053466722115e-05,2.340893184034044532e-05,2.252985763101437351e-05,2.112401281352855481e-05,1.943618269820695393e-05,1.763051694048291810e-05,1.581483270842015654e-05,1.405780956354082584e-05,1.240111845340922668e-05,1.086795180384365301e-05,9.469004459966637039e-06,8.206653960661978683e-06,7.077872000861793871e-06,6.076243787964751117e-06,5.193361315327218645e-06,4.419777910729851164e-06,3.745655710937756152e-06,3.161198400353801880e-06,2.656933897245946562e-06,2.223892274705236807e-06,1.853710633956096553e-06,1.538687173742294079e-06,1.271800093869922808e-06,1.046702367032205548e-06,8.577002015069823048e-07,6.997207716508670112e-07,5.682732159396946011e-07,4.594057871928959507e-07,3.696612438833261901e-07,2.960319968636502767e-07,2.359161051100735098e-07,1.870749012066826938e-07,1.475927909423017830e-07,1.158395902533640505e-07,9.043562230074922083e-08,7.021968777160808347e-08,5.421993566236017141e-08,4.162759496701146860e-08,3.177347633986544088e-08,2.410711427037686607e-08,1.817839251737581560e-08,1.362147679364299933e-08,1.014086751786327178e-08,7.499380588376435278e-09,5.507864449169329735e-09,4.016466195501530352e-09,2.907267190087038555e-09,2.088118814551615806e-09,1.487520844337620637e-09,1.050397881845331667e-09,7.346427780197109353e-10,5.083095714401014109e-10,3.473518153969559259e-10,2.338149653056815274e-10,1.544035507614642136e-10,9.935501223531596210e-11,6.156225122303516982e-11,3.589608118996264122e-11,1.868687037275240743e-11,7.331762733099107344e-12,0.000000000000000000e+00
0.000000000000000000e+00,1.026400003212846654e-05,1.630192408923370758e-05,1.947060634622629536e-05,2.072415154582255584e-05,2.072953006570939138e-05,1.994973846057878009e-05,1.870341528336985355e-05,1.720743240335878506e-05,1.560722309886300373e-05,1.399830891556038061e-05,1.244153211986748663e-05,1.097380165122663047e-05,9.615651349049517252e-06,8.376539979670399096e-06,7.258555924063035390e-06,6.258997603666628068e-06,5.372163346470769707e-06,4.590586376795245628e-06,3.905880938483231708e-06,3.309316215215947527e-06,2.792199883152586872e-06,2.346128628396186907e-06,1.963145774168785419e-06,1.635834136944651191e-06,1.357363833912776158e-06,1.121508908822088142e-06,9.226425618144636645e-07,7.557179214672874528e-07,6.162393059840375466e-07,5.002275217638206229e-07,4.041817585013100786e-07,3.250399340520437984e-07,2.601388324935906593e-07,2.071750054407923646e-07,1.641671289659865797e-07,1.294202986600890428e-07,1.014925845509706535e-07,7.916404289664297893e-08,6.140828447337893508e-08,4.736662277470991439e-08,3.632476621470932694e-08,2.769197285868838374e-08,2.098255203035189983e-08,1.579957251612066181e-08,1.182062048792398054e-08,8.785440404276577052e-09,6.485287895472614481e-09,4.753823984642898166e-09,3.459384036830442319e-09,2.498461749722282602e-09,1.790257576065715752e-09,1.272151558155975274e-09,8.959721019960816400e-10,6.249442477403411158e-10,4.312131080339242414e-10,2.938500263144339180e-10,1.972604025903715843e-10,1.299228581025853216e-10,8.339933301785071306e-11,5.156475288042776412e-11,3.001302194672177620e-11,1.560330128648057209e-11,6.116830605029739409e-12,0.000000000000000000e+00
0.000000000000000000e+00,8.993342318928703360e-06,1.428354448181731608e-05,1.705942409059464638e-05,1.815701958054459925e-05,1.816081600204552470e-05,1.747657931163020830e-05,1.638357707238859837e-05,1.507189151931250762e-05,1.366899252482715933e-05,1.225860131571394760e-05,1.089403997140169145e-05,9.607650001446167549e-06,8.417417598606381324e-06,7.331619854811387738e-06,6.352072700657771266e-06,5.476393351672751588e-06,4.699569704020121347e-06,4.015043246257952086e-06,3.415451003481332388e-06,2.893128786503165850e-06,2.440447493821365073e-06,2.050032736815818108e-06,1.714902991656191164e-06,1.428550938483000505e-06,1.184985286135835151e-06,9.787452463248767996e-07,8.048962418652563687e-07,6.590129362812201059e-07,5.371539254221548280e-07,4.358312046948742041e-07,3.519766577119759284e-07,2.829071927014936966e-07,2.262897055887632697e-07,1.801067209143322058e-07,1.426233179412826783e-07,1.123557650749019042e-07,8.804214449358804983e-08,6.861513937896644220e-08,5.317707059892134290e-08,4.097720278000473052e-08,3.139128762155971358e-08,2.390327230541157254e-08,1.808907087289712794e-08,1.360227484935217107e-08,1.016166486163724518e-08,7.540376381589491628e-09,5.556569043170585601e-09,4.065449337113352882e-09,2.952500087504475995e-09,2.127776244344654569e-09,1.521134545880301717e-09,1.078273950628006334e-09,7.574739215637341382e-10,5.269282462366596224e-10,3.625827486998433561e-10,2.463957105112060604e-10,1.649498487347113319e-10,1.083541352016550739e-10,6.938246974586841658e-11,4.280417079035789873e-11,2.486838656991272984e-11,1.291085683141360139e-11,5.056989559305455932e-12,0.000000000000000000e+00
0.000000000000000000e+00,7.777385525628845064e-06,1.235212955363254453e-05,1.475227968691778094e-05,1.570087540639648324e-05,1.570344138765093864e-05,1.511094972968199949e-05,1.416496847919514751e-05,1.302992538703302014e-05,1.181608758300432897e-05,1.059587623122230583e-05,9.415413271165512841e-06,8.302668850537344588e-06,7.273192927650686002e-06,6.334135104609296548e-06,5.487054898425557852e-06,4.729879441263686951e-06,4.058261553101035301e-06,3.466516871413677841e-06,2.948265925041373494e-06,2.496869637372847436e-06,2.105720339922382666e-06,1.768431797689381184e-06,1.478958712299851665e-06,1.231667046762091737e-06,1.021370144955748553e-06,8.433411757176250606e-07,6.933093336249907460e-07,5.674450670170649228e-07,4.623380918057601086e-07,3.749708873291326149e-07,3.026896191130536068e-07,2.431738969794636079e-07,1.944063894203017541e-07,1.546430312551462525e-07,1.223843503672005004e-07,9.634827968569878345e-08,7.544469820768157439e-08,5.875184995249805559e-08,4.549471562067205753e-08,3.502535374410589847e-08,2.680518298986372505e-08,2.038914263473900551e-08,1.541164226915776627e-08,1.157419310699928996e-08,8.634600716222877268e-09,6.397591558821093869e-09,4.706742574754265957e-09,3.437583393809741651e-09,2.491743920388171469e-09,1.792025387894334205e-09,1.278279967258434480e-09,9.039921488766213757e-10,6.334639738164369212e-10,4.395154061439384695e-10,3.016204119877904457e-10,2.044083983271281034e-10,1.364693749314812462e-10,8.940939469901960442e-11,5.711040266737999706e-11,3.515552190247401433e-11,2.038699706042835987e-11,1.056950176904841082e-11,4.136313078401470006e-12,0.000000000000000000e+00
0.000000000000000000e+00,6.616292726267666385e-06,1.050792558030756089e-05,1.254944198897650524e-05,1.335596759642897336e-05,1.335760667200518498e-05,1.285298614526635761e-05,1.204765506539533973e-05,1.108152837690710043e-05,1.004843559135527891e-05,9.010000899325366642e-06,8.005467740817056582e-06,7.058631649650148176e-06,6.182717791471788840e-06,5.383802048718534488e-06,4.663202861228818105e-06,4.019147532465517695e-06,3.447928213385858462e-06,2.944699608302365568e-06,2.504025530623012791e-06,2.120249614216706841e-06,1.787743019170882265e-06,1.501066160072608062e-06,1.255070391386874163e-06,1.044957820618909651e-06,8.663119974024953106e-07,7.151084444041612110e-07,5.877113587982569943e-07,4.808609727686398475e-07,3.916547741035687794e-07,3.175248833623933902e-07,2.562132441854638503e-07,2.057458264243364005e-07,1.644067116627123922e-07,1.307126888269451311e-07,1.033888076089182363e-07,8.134520139688339471e-08,6.365538711805681598e-08,4.953616851676549860e-08,3.832920622043167366e-08,2.948426853032609139e-08,2.254413842323383351e-08,1.713112273587529044e-08,1.293508739761018034e-08,9.702926676670011781e-09,7.229363724601114785e-09,5.348973402439390611e-09,3.929315714105830447e-09,2.865068501015519143e-09,2.073050776842054121e-09,1.488032672627053022e-09,1.059233946785008166e-09,7.474199745149055981e-10,5.225117039642041615e-10,3.616339430968198662e-10,2.475342642840178430e-10,1.673125750261546838e-10,1.114088405513502407e-10,7.280343666284681437e-11,4.639107561831430358e-11,2.849513283483196165e-11,1.649448399520896312e-11,8.539639332439933611e-12,3.339050947089382188e-12,0.000000000000000000e+00
0.000000000000000000e+00,5.510021815351120371e-06,8.750853356163960310e-06,1.045079189369320084e-05,1.112213296292792600e-05,1.112310194016978448e-05,1.070243182188407066e-05,1.003133572968534400e-05,9.226359575626119853e-06,8.365661864158728840e-06,7.500573784083068102e-06,6.663782274374494775e-06,5.875104942574286022e-06,5.145553232272031500e-06,4.480182490980065096e-06,3.880084698967798347e-06,3.343776797897158315e-06,2.868163869455122272e-06,2.449203811909015161e-06,2.082362755405798511e-06,1.762923952639919365e-06,1.486194167611692437e-06,1.247638414718852653e-06,1.042964658673428806e-06,8.681736173983448938e-07,7.195842920577153894e-07,5.938426968312408798e-07,4.879190635081017462e-07,3.990972623332512837e-07,3.249591075868459816e-07,2.633654623983339305e-07,2.124355238789344057e-07,1.705252887553724275e-07,1.362059244555599263e-07,1.082425689092030147e-07,8.557393223446848781e-08,6.729296003041866667e-08,5.262873100555831416e-08,4.092969420847033115e-08,3.164829843342562316e-08,2.432702515736560723e-08,1.858580429725291726e-08,1.411076746718725067e-08,1.064427498780875988e-08,7.976139653437005358e-09,5.935961371843593623e-09,4.386481555981586213e-09,3.217863951571323778e-09,2.342808880838507686e-09,1.692410178087141035e-09,1.212667944408822658e-09,8.615752615075610839e-10,6.067028297113257290e-10,4.232118298863847925e-10,2.922318951275776140e-10,1.995477010082794408e-10,1.345441691710491416e-10,8.936649269899128430e-11,5.825703245331058241e-11,3.703653186108773105e-11,2.270201094547462963e-11,1.311810901056146746e-11,6.782548389322969847e-12,2.649802961201471005e-12,0.000000000000000000e+00
0.000000000000000000e+00,4.458344325159420822e-06,7.080538194257844948e-06,8.455858397439173425e-06,8.998835269615117088e-06,8.999346064069293843e-06,8.658675037615361572e-06,8.115379059831377874e-06,7.463776818766309847e-06,6.767121182899503193e-06,6.066953406648687756e-06,5.389725154846520299e-06,4.751472062446734320e-06,4.161102189864370081e-06,3.622702800298174708e-06,3.137153305098799328e-06,2.703249045708673232e-06,2.318480965057385846e-06,1.979573661461279455e-06,1.682854050132578006e-06,1.424501410001352616e-06,1.200714449094675415e-06,1.007820362661241217e-06,8.423433782928987875e-07,7.010450467479932724e-07,5.809448800477668149e-07,4.793273872246714019e-07,3.937397790777511887e-07,3.219833716449089967e-07,2.621008493747938750e-07,2.123609384681553134e-07,1.712416089034208304e-07,1.374126151848241978e-07,1.097179629305808606e-07,8.715872504828230884e-08,6.887650965646862052e-08,5.413778999769882060e-08,4.231923610888315293e-08,3.289413335254134229e-08,2.541993021885760657e-08,1.952692441486819347e-08,1.490807027873554669e-08,1.130987062373953282e-08,8.524301195192744735e-09,6.381705201095798417e-09,4.744588186576018258e-09,3.502239294138848691e-09,2.566103187897565794e-09,1.865827175502682918e-09,1.345909936737975721e-09,9.628814035664749481e-10,6.829474122882897463e-10,4.800374816606855088e-10,3.341992157345665366e-10,2.302881775607353084e-10,1.569074557204003474e-10,1.055564090900220240e-10,6.995311664482963245e-11,4.549979699762218889e-11,2.886484050244460659e-11,1.765908076130644537e-11,1.018750641860978585e-11,5.260777586432262448e-12,2.053675533919481711e-12,0.000000000000000000e+00
0.000000000000000000e+00,3.460863374418215416e-06,5.496338532911369140e-06,6.563852960374960727e-06,6.985202101938582332e-06,6.985423958810899312e-06,6.720785381437578389e-06,6.298857849122617167e-06,5.792868962718268597e-06,5.251927596528317538e-06,4.708285603433614655e-06,4.182478801305502602e-06,3.686955462462003987e-06,3.228629548879849467e-06,2.810671828063346122e-06,2.433762307286005817e-06,2.096962868119792461e-06,1.798322710860786866e-06,1.535296182241349820e-06,1.305029063448035823e-06,1.104552745309686236e-06,9.309139598436799447e-07,7.812594615604818594e-07,6.528892441440071177e-07,5.432878127976066627e-07,4.501401926974126118e-07,3.713373728402931967e-07,3.049745029865680559e-07,2.493441970875570141e-07,2.029266218629848039e-07,1.643775749894950823e-07,1.325154218263729510e-07,1.063075199677870531e-07,8.485658772354029567e-08,6.738734569762387987e-08,5.323366615708444862e-08,4.182639345991825352e-08,3.268194404000012155e-08,2.539175196713772265e-08,1.961259292147257895e-08,1.505779347110924167e-08,1.148931235551881404e-08,8.710664990345277063e-09,6.560650818804657031e-09,4.907834809036652349e-09,3.645728816638368699e-09,2.688615254820323367e-09,1.967954153396561682e-09,1.429314896249981253e-09,1.029775394086049997e-09,7.357338958769871038e-10,5.210818191167564613e-10,3.656896659478650360e-10,2.541620983914414473e-10,1.748224086272528333e-10,1.188908041790882617e-10,7.982502356029400616e-11,5.279572016631313341e-11,3.427273770679641511e-11,2.170180558119249648e-11,1.325428067940980923e-11,7.635340903022171589e-12,3.938494850501693206e-12,1.536420553756196814e-12,0.000000000000000000e+00
0.000000000000000000e+00,2.517030702417439422e-06,3.997373075600796973e-06,4.773702091062254161e-06,5.080059801426989357e-06,5.080121849199725103e-06,4.887548072037870104e-06,4.580581689804781030e-06,4.212486314355806373e-06,3.818982475917232755e-06,3.423529143567295518e-06,3.041062984273045696e-06,2.680637624646406746e-06,2.347280872368181107e-06,2.043297617408690986e-06,1.769180911441811790e-06,1.524246780344732695e-06,1.307074674590809694e-06,1.115811436512866543e-06,9.483795746624304967e-07,8.026185253851759701e-07,6.763790296865992397e-07,5.675847337496786538e-07,4.742708967864122208e-07,3.946071326044242718e-07,3.269090453604575015e-07,2.696421786846286044e-07,2.214206922172817675e-07,1.810024780101050851e-07,1.472819383209749512e-07,1.192813012902864508e-07,9.614110683040370639e-08,7.711032067535418171e-08,6.153640850112000464e-08,4.885560964609408260e-08,3.858358119753479211e-08,3.030653122221955103e-08,2.367292005164150497e-08,1.838577761008629156e-08,1.419566062236194728e-08,1.089425464873218102e-08,8.308611201921127266e-09,6.295998930077346105e-09,4.739339415810667475e-09,3.543192084805228048e-09,2.630248660206289660e-09,1.938295218817919637e-09,1.417598919694634585e-09,1.028676633008366231e-09,7.404037706490107575e-10,5.284234064072812294e-10,3.738180912133057604e-10,2.620094575914988117e-10,1.818536281397684477e-10,1.249034769741737285e-10,8.481184214183163776e-11,5.685277134521067743e-11,3.754074088259289354e-11,2.433047246261317434e-11,1.538245273782570612e-11,9.381516669977259047e-12,5.397879329714640333e-12,2.781791201050361747e-12,1.084556078837282916e-12,0.000000000000000000e+00
0.000000000000000000e+00,1.626162754709757264e-06,2.582546410362616341e-06,3.084078086962346912e-06,3.281966395453495774e-06,3.281960477614651759e-06,3.157496232677907295e-06,2.959127580974621373e-06,2.721269160675554130e-06,2.467000769846172347e-06,2.211479658136071638e-06,1.964356466896660224e-06,1.731480508897497351e-06,1.516099788376699112e-06,1.319702874899916908e-06,1.142607613393859371e-06,9.843713274115475959e-07,8.440754339816110525e-07,7.205218665815503108e-07,6.123676622486290113e-07,5.182162446093785025e-07,4.366784090344603864e-07,3.664121266064916238e-07,3.061475538174860452e-07,2.547017240048452713e-07,2.109860615783862476e-07,1.740089287294080331e-07,1.428747647712769457e-07,1.167809248671411066e-07,9.501300763811260576e-08,7.693923815172239576e-08,6.200431499129149052e-08,4.972301739675304830e-08,3.967378700241820961e-08,3.149243898332909392e-08,2.486611297185838125e-08,1.952754049931302187e-08,1.524967994436563341e-08,1.184074998001441941e-08,9.139676897545631732e-09,7.011958974932125626e-09,5.345941559369675726e-09,4.049489248360628954e-09,3.047036103034210832e-09,2.276990913800994727e-09,1.689471917637506234e-09,1.244343829948077425e-09,9.095294193890147892e-10,6.595679583099301522e-10,4.743935780885577369e-10,3.383077160118420138e-10,2.391213410470201667e-10,1.674443862610658569e-10,1.161017058253792721e-10,7.965683787023961805e-11,5.402682720130533980e-11,3.617329256106671886e-11,2.385677159504474834e-11,1.544311321707124145e-11,9.752291143420328836e-12,5.941471488228615436e-12,3.415475776334520499e-12,1.758938398307391022e-12,6.854686780083897991e-13,0.000000000000000000e+00
0.000000000000000000e+00,7.874557982305867624e-07,1.250573073437700660e-06,1.493427888845218088e-06,1.589242478038252959e-06,1.589226209278653150e-06,1.528941080293304248e-06,1.432868512276478324e-06,1.317674363411650353e-06,1.194535431356660425e-06,1.070791853816560480e-06,9.511170481238529406e-07,8.383435218165716197e-07,7.340440120479510337e-07,6.389391898886827208e-07,5.531827657793729139e-07,4.765601485436278445e-07,4.086262839935240562e-07,3.488007829702335496e-07,2.964331023505057186e-07,2.508467536339377485e-07,2.113688378945174382e-07,1.773493222960914961e-07,1.481731513983985896e-07,1.232673610510723815e-07,1.021047161595457385e-07,8.420494254528833225e-08,6.913430854242851190e-08,5.650409238514294675e-08,4.596831778087411233e-08,3.722103205996296104e-08,2.999332486225923800e-08,2.405023072877530340e-08,1.918761950684044846e-08,1.522914955254907032e-08,1.202333718271211990e-08,9.440779548955204717e-09,7.371555621693423236e-09,5.722820288011706109e-09,4.416599004056897720e-09,3.387784527300052057e-09,2.582332653279163287e-09,1.955650352565612827e-09,1.471167063659736058e-09,1.099078002211409751e-09,8.152470779991946191e-10,6.002562675410473103e-10,4.385879835410664512e-10,3.179270336387258056e-10,2.285690991404085022e-10,1.629232258107042719e-10,1.150965464758580766e-10,8.055029894908004793e-11,5.581711903831609022e-11,3.827054002037888910e-11,2.593858608482459721e-11,1.735428291833550912e-11,1.143680438264365050e-11,7.397815727650839246e-12,4.668351041483502495e-12,2.842269623659222976e-12,1.632969918060044543e-12,8.406004995360689666e-13,3.274974478240110370e-13,0.000000000000000000e+00
0.000000000000000000e+00,0.000000000000000000e+00,0.000000000000000000e+00,0.000000000000000000e+00,0.000000000000000000e+00,0.000000000000000000e+00,0.000000000000000000e+00,0.000000000000000000e+00,0.000000000000000000e+00,0.000000000000000000e+00,0.000000000000000000e+00,0.000000000000000000e+00,0.000000000000000000e+00,0.000000000000000000e+00,0.000000000000000000e+00,0.000000000000000000e+00,0.000000000000000000e+00,0.000000000000000000e+00,0.000000000000000000e+00,0.000000000000000000e+00,0.000000000000000000e+00,0.000000000000000000e+00,0.000000000000000000e+00,0.000000000000000000e+00,0.000000000000000000e+00,0.000000000000000000e+00,0.000000000000000000e+00,0.000000000000000000e+00,0.000000000000000000e+00,0.000000000000000000e+00,0.000000000000000000e+00,0.000000000000000000e+00,0.000000000000000000e+00,0.000000000000000000e+00,0.000000000000000000e+00,0.000000000000000000e+00,0.000000000000000000e+00,0.000000000000000000e+00,0.000000000000000000e+00,0.000000000000000000e+00,0.000000000000000000e+00,0.000000000000000000e+00,0.000000000000000000e+00,0.000000000000000000e+00,0.000000000000000000e+00,0.000000000000000000e+00,0.000000000000000000e+00,0.000000000000000000e+00,0.000000000000000000e+00,0.000000000000000000e+00,0.000000000000000000e+00,0.000000000000000000e+00,0.000000000000000000e+00,0.000000000000000000e+00,0.000000000000000000e+00,0.000000000000000000e+00,0.000000000000000000e+00,0.000000000000000000e+00,0.000000000000000000e+00,0.000000000000000000e+00,0.000000000000000000e+00,0.000000000000000000e+00,0.000000000000000000e+00,0.000000000000000000e+00,0.000000000000000000e+00
