0.000000000000000000e+00,0.000000000000000000e+00,0.000000000000000000e+00,0.000000000000000000e+00,0.000000000000000000e+00,0.000000000000000000e+00,0.000000000000000000e+00,0.000000000000000000e+00,0.000000000000000000e+00,0.000000000000000000e+00,0.000000000000000000e+00,0.000000000000000000e+00,0.000000000000000000e+00,0.000000000000000000e+00,0.000000000000000000e+00,0.000000000000000000e+00,0.000000000000000000e+00,0.000000000000000000e+00,0.000000000000000000e+00,0.000000000000000000e+00,0.000000000000000000e+00,0.000000000000000000e+00,0.000000000000000000e+00,0.000000000000000000e+00,0.000000000000000000e+00,0.000000000000000000e+00,0.000000000000000000e+00,0.000000000000000000e+00,0.000000000000000000e+00,0.000000000000000000e+00,0.000000000000000000e+00,0.000000000000000000e+00,0.000000000000000000e+00,0.000000000000000000e+00,0.000000000000000000e+00,0.000000000000000000e+00,0.000000000000000000e+00,0.000000000000000000e+00,0.000000000000000000e+00,0.000000000000000000e+00,0.000000000000000000e+00,0.000000000000000000e+00,0.000000000000000000e+00,0.000000000000000000e+00,0.000000000000000000e+00,0.000000000000000000e+00,0.000000000000000000e+00,0.000000000000000000e+00,0.000000000000000000e+00,0.000000000000000000e+00,0.000000000000000000e+00,0.000000000000000000e+00,0.000000000000000000e+00,0.000000000000000000e+00,0.000000000000000000e+00,0.000000000000000000e+00,0.000000000000000000e+00,0.000000000000000000e+00,0.000000000000000000e+00,0.000000000000000000e+00,0.000000000000000000e+00,0.000000000000000000e+00,0.000000000000000000e+00,0.000000000000000000e+00,0.000000000000000000e+00
0.000000000000000000e+00,3.663493551955298906e-08,8.010587893015404756e-08,1.297459426870160131e-07,1.844490538225914342e-07,2.426553150859997076e-07,3.023551941520864057e-07,3.611120708727592705e-07,4.161021751767457880e-07,4.641711193643277065e-07,5.019068809666294305e-07,5.257298037419024042e-07,5.320003908512561322e-07,5.171448386316806545e-07,4.777961312816558699e-07,4.109452551369965712e-07,3.140933630766819974e-07,1.853925729381370123e-07,2.376166769509849785e-08,-1.710358318500482980e-07,-3.983596247525929435e-07,-6.567084271587570233e-07,-9.437775413866552127e-07,-1.256544649718899127e-06,-1.591365012975394914e-06,-1.944055713094901908e-06,-2.309951642575794398e-06,-2.683923575270124219e-06,-3.060359810899996291e-06,-3.433125613434460833e-06,-3.795526374455566165e-06,-4.140308363453844421e-06,-4.459732696417497317e-06,-4.745752323570182245e-06,-4.990308346887885232e-06,-5.185742342629379181e-06,-5.325298555242454306e-06,-5.403667840241371196e-06,-5.417508391619276650e-06,-5.365870431261223843e-06,-5.250455706519158359e-06,-5.075658456517827266e-06,-4.848360849586720871e-06,-4.577489011500403198e-06,-4.273370324348432886e-06,-3.946962707217435898e-06,-3.609046646469256779e-06,-3.269477041481885340e-06,-2.936583177778091068e-06,-2.616782822347772064e-06,-2.314444489038632480e-06,-2.031995837487513860e-06,-1.770241806097092252e-06,-1.528828486345707047e-06,-1.306771293794071656e-06,-1.102959994572384211e-06,-9.165579757560463185e-07,-7.472267064129331314e-07,-5.951256839163535079e-07,-4.606600921116780249e-07,-3.439698298545159977e-07,-2.441716748814798511e-07,-1.583784505245799533e-07,-8.052230356473303761e-08,0.000000000000000000e+00
0.000000000000000000e+00,9.513132495723859485e-08,2.080000497543286079e-07,3.368552925655716098e-07,4.788004977427652848e-07,6.297559296040335927e-07,7.844706812996761454e-07,9.365830668255552003e-07,1.078726906214030322e-06,1.202681556168822931e-06,1.299565092193021041e-06,1.360071729766765935e-06,1.374754953201436842e-06,1.334355589646101517e-06,1.230168580657963594e-06,1.054433939468408579e-06,8.007280572741015989e-07,4.643237867960345101e-07,4.248445670165952626e-08,-4.653396558639409184e-07,-1.057433140132932684e-06,-1.729859422116449799e-06,-2.476610753080522418e-06,-3.289829199370475665e-06,-4.160050429704259462e-06,-5.076418442579110487e-06,-6.026827443790803689e-06,-6.997966753484782952e-06,-7.975273218804227024e-06,-8.942828127713247716e-06,-9.883265451536252350e-06,-1.077777833192815819e-05,-1.160631500175333823e-05,-1.234804013809201223e-05,-1.298210287205311067e-05,-1.348870223540149688e-05,-1.385038234144500463e-05,-1.405343331294209939e-05,-1.408923095512479451e-05,-1.395532823061313766e-05,-1.365612120267612122e-05,-1.320295282108385151e-05,-1.261358555460065111e-05,-1.191105880122799091e-05,-1.112203558003071033e-05,-1.027481995799557007e-05,-9.397278077971785439e-06,-8.514911864154798914e-06,-7.649312177421598995e-06,-6.817161154734233613e-06,-6.029871709633583438e-06,-5.293859696138467606e-06,-4.611356007751556017e-06,-3.981594825832757365e-06,-3.402169032503516737e-06,-2.870327916358415544e-06,-2.384004212730299517e-06,-1.942391941574296932e-06,-1.545945943094725597e-06,-1.195730238484867961e-06,-8.920973973868870451e-07,-6.327276385017560434e-07,-4.100874398224706485e-07,-2.083755265778099707e-07,0.000000000000000000e+00
0.000000000000000000e+00,1.829099143655231126e-07,3.998791957896239090e-07,6.474802125316606108e-07,9.200658950416038672e-07,1.209699267292364672e-06,1.506180155926825341e-06,1.797167170574633130e-06,2.068390226723667555e-06,2.303949213845750736e-06,2.486696954334536947e-06,2.598707315432230493e-06,2.621829597596460841e-06,2.538325782954750171e-06,2.331576833408382083e-06,1.986828993717160996e-06,1.491934234749347760e-06,8.380254383719148184e-07,2.006185170490418043e-08,-9.628124295532698512e-07,-2.107133547035058639e-06,-3.405211448479639654e-06,-4.845419769397884670e-06,-6.412615221481234430e-06,-8.088595868804465929e-06,-9.852501706940098311e-06,-1.168107680696489736e-05,-1.354874964353628722e-05,-1.542754204356090801e-05,-1.728687808003228946e-05,-1.909341981254872265e-05,-2.081109384379451892e-05,-2.240147989566998715e-05,-2.382470325194006085e-05,-2.504090685635226716e-05,-2.601228354730706436e-05,-2.670553876989929898e-05,-2.709454839855548417e-05,-2.716289581498678053e-05,-2.690593547090606468e-05,-2.633204889217776972e-05,-2.546283624163443195e-05,-2.433211420386062560e-05,-2.298375094532107324e-05,-2.146853559197175218e-05,-1.984042442855590594e-05,-1.815260280751223150e-05,-1.645383247071336878e-05,-1.478551240996631695e-05,-1.317977453117119769e-05,-1.165878188901646963e-05,-1.023522324598694098e-05,-8.913831171016992956e-06,-7.693616129577378183e-06,-6.570422504275278209e-06,-5.539380982711605618e-06,-4.596852718652814001e-06,-3.741524410308359715e-06,-2.974405978075876509e-06,-2.297588358328520188e-06,-1.711722899675611913e-06,-1.212271855413919902e-06,-7.846379864146666901e-07,-3.982958354169548193e-07,0.000000000000000000e+00
0.000000000000000000e+00,3.085705169212139573e-07,6.744947256122268255e-07,1.091846240882127738e-06,1.550915485511534209e-06,2.038094754023378369e-06,2.535931800546269642e-06,3.023349327985944893e-06,3.476022498202534394e-06,3.866906373793166225e-06,4.166908462572504766e-06,4.345704951945371378e-06,4.372698633468427951e-06,4.218108364501976882e-06,3.854162801191154517e-06,3.256346971598500652e-06,2.404624388901485920e-06,1.284537540983232414e-06,-1.119163012030053038e-07,-1.785723230350917593e-06,-3.730659286009768017e-06,-5.933468245528609471e-06,-8.374353910492073327e-06,-1.102767542040354564e-05,-1.386269734612321255e-05,-1.684423856880071439e-05,-1.993309140159940396e-05,-2.308614438723594791e-05,-2.625623038829581692e-05,-2.939182065454169125e-05,-3.243677534437055442e-05,-3.533042005486251147e-05,-3.800822794878011047e-05,-4.040333723772864758e-05,-4.244902415653413350e-05,-4.408209455572950034e-05,-4.524697658721226867e-05,-4.590012423444873516e-05,-4.601421059085048664e-05,-4.558153068109299189e-05,-4.461606575553036884e-05,-4.315378866956883213e-05,-4.125099996442597344e-05,-3.898074680104945657e-05,-3.642765004354704813e-05,-3.368170187948493007e-05,-3.083175501071290888e-05,-2.795947522969619286e-05,-2.513446193844777324e-05,-2.241106712386041765e-05,-1.982719258817445775e-05,-1.740506014442204927e-05,-1.515367551264922234e-05,-1.307248353097419457e-05,-1.115556729913106441e-05,-9.395688639767342044e-06,-7.787498309660961923e-06,-6.329346397936606014e-06,-5.023273737812451727e-06,-3.872938495157804988e-06,-2.879403172914607946e-06,-2.034852336727537447e-06,-1.314407399323545321e-06,-6.662270364271613612e-07,0.000000000000000000e+00
0.000000000000000000e+00,4.816283800388759587e-07,1.052567285513225845e-06,1.703279179085731833e-06,2.418244064016744312e-06,3.175788117428279905e-06,3.948184374525891435e-06,4.702022453676231365e-06,5.398835106893455392e-06,5.995967525490546953e-06,6.447678415126111622e-06,6.706464984097240343e-06,6.724601222632085998e-06,6.455865357759631751e-06,5.857406643302138012e-06,4.891666955771116547e-06,3.528237036230771204e-06,1.745501697484831251e-06,-4.680760648653202919e-07,-3.113157843438247405e-06,-6.179291169620017858e-06,-9.645223755443816765e-06,-1.347967781335345475e-05,-1.764241293783429831e-05,-2.208535483257622378e-05,-2.675355928668533338e-05,-3.158582491284046568e-05,-3.651486290600032601e-05,-4.146706485577737283e-05,-4.636205747991664714e-05,-5.111236593397684708e-05,-5.562359316124314480e-05,-5.979553441644397892e-05,-6.352456781713263813e-05,-6.670749411696622554e-05,-6.924676091947798765e-05,-7.105673422042362768e-05,-7.207042102602847318e-05,-7.224585174724082264e-05,-7.157124468299550023e-05,-7.006812603699942099e-05,-6.779177352878270929e-05,-6.482866947096025951e-05,-6.129104520671900362e-05,-5.730901009938580825e-05,-5.302111503192846037e-05,-4.856443933550890889e-05,-4.406536734251343524e-05,-3.963212108457039900e-05,-3.534985555464754362e-05,-3.127874695490082623e-05,-2.745507520829542286e-05,-2.389488750543550835e-05,-2.059948944458722943e-05,-1.756178594445819991e-05,-1.477240410447081635e-05,-1.222457055269931435e-05,-9.916864582651444920e-06,-7.853192178995050941e-06,-6.039586570693097352e-06,-4.477699631549043751e-06,-3.155068310615365312e-06,-2.032384986804636168e-06,-1.028030907969904323e-06,0.000000000000000000e+00
0.000000000000000000e+00,7.120534716755243577e-07,1.555769960500745842e-06,2.516532357636964458e-06,3.570740129697739739e-06,4.685570624646843310e-06,5.819158507927325378e-06,6.921190612649030679e-06,7.933898060524505376e-06,8.793422042459967343e-06,9.431530732462003452e-06,9.777665759269402626e-06,9.761289660762694946e-06,9.314484846377319945e-06,8.374718577952574514e-06,6.887642524255065777e-06,4.809750744136966218e-06,2.110691178479847918e-06,-1.224973080152285611e-06,-5.196716389071227629e-06,-9.787801375923124592e-06,-1.496580355671892823e-05,-2.068376593040215254e-05,-2.688173436527999403e-05,-3.348835891093316145e-05,-4.042224125818536575e-05,-4.759277571745469508e-05,-5.490036780519463248e-05,-6.223610278045500982e-05,-6.948114385037909894e-05,-7.650632398015959693e-05,-8.317251161843375784e-05,-8.933234141240063394e-05,-9.483378453644609389e-05,-9.952579118597439513e-05,-1.032658977542390397e-04,-1.059293045605916935e-04,-1.074185641559173153e-04,-1.076727470145506896e-04,-1.066748333516619174e-04,-1.044561569381708235e-04,-1.010970067183140404e-04,-9.672294536070458106e-05,-9.149696659752068538e-05,-8.560819640611084147e-05,-7.925834854135699597e-05,-7.264748385102406361e-05,-6.596073368430738486e-05,-5.935750898886490496e-05,-5.296435113128354394e-05,-4.687204987611576440e-05,-4.113704573656558599e-05,-3.578654297629656694e-05,-3.082627013857873509e-05,-2.624949672936462342e-05,-2.204577548975619823e-05,-1.820792592192105186e-05,-1.473597707233883253e-05,-1.163709986575684742e-05,-8.920927334414281115e-06,-6.590029193367522435e-06,-4.625620968601700927e-06,-2.968792913680268971e-06,-1.497581011941574432e-06,0.000000000000000000e+00
0.000000000000000000e+00,1.009603231383732403e-06,2.205260615553316487e-06,3.565385694817187506e-06,5.055423920471245371e-06,6.627538899821850912e-06,8.220917566644974842e-06,9.762692922566207734e-06,1.116945804646001514e-05,1.234933283526566200e-05,1.320454095760391647e-05,1.363445026369724974e-05,1.353901586203310251e-05,1.282253456751802182e-05,1.139757208073367060e-05,9.188867691407272951e-06,6.136970181450282718e-06,2.201331140658550632e-06,-2.637405335645054045e-06,-8.376115055404540632e-06,-1.498899580460778384e-05,-2.242840117561513394e-05,-3.062649306869430065e-05,-3.949736667476600816e-05,-4.893922332627741336e-05,-5.883616944141721334e-05,-6.905931766492782737e-05,-7.946705498512718607e-05,-8.990459738625835207e-05,-1.002032278260697393e-04,-1.101798573849099123e-04,-1.196376987614184849e-04,-1.283688469263596249e-04,-1.361593957255981865e-04,-1.427973849190744332e-04,-1.480834079610029769e-04,-1.518431868069931086e-04,-1.539409274326138674e-04,-1.542919052049423925e-04,-1.528725763296858754e-04,-1.497266231717912517e-04,-1.449657262578652264e-04,-1.387644734295962953e-04,-1.313495800026275831e-04,-1.229843830454573051e-04,-1.139502562758688852e-04,-1.045270508541686788e-04,-9.497481936071472289e-05,-8.551889647915119795e-05,-7.633992012346827805e-05,-6.756966257055479379e-05,-5.929271852196864952e-05,-5.155329250129449270e-05,-4.436565500046682833e-05,-3.772637700206695919e-05,-3.162624606111023352e-05,-2.605981217426940586e-05,-2.103077140831435926e-05,-1.655180910514099791e-05,-1.263801944284595379e-05,-9.293517445499057105e-06,-6.491286513388260101e-06,-4.146581059584817210e-06,-2.084244027441625645e-06,0.000000000000000000e+00
0.000000000000000000e+00,1.382970157125869932e-06,3.019811359575396780e-06,4.879597709563401311e-06,6.913276759794558858e-06,9.053278736713936273e-06,1.121401383561588699e-05,1.329325901575529540e-05,1.517439662971834777e-05,1.672944356074339075e-05,1.782279591826509217e-05,1.831560067852050063e-05,1.807064115472518581e-05,1.695758107579434763e-05,1.485835347110927085e-05,1.167241597305142556e-05,7.321541671561810041e-06,1.753795483999531350e-06,-5.053621728856349708e-06,-1.309288629623178028e-05,-2.232549802753268684e-05,-3.268354891481479817e-05,-4.407201065548851633e-05,-5.637157744672793218e-05,-6.944151311496566574e-05,-8.312196874235963835e-05,-9.723537441485747570e-05,-1.115867597580071162e-04,-1.259631899150422292e-04,-1.401328599244359182e-04,-1.538446981232646955e-04,-1.668295119659031955e-04,-1.788037040905617622e-04,-1.894763580153810672e-04,-1.985600476773869100e-04,-2.057851145935386469e-04,-2.109164727650437315e-04,-2.137713634538512949e-04,-2.142360147044069087e-04,-2.122789712873722977e-04,-2.079590165135004659e-04,-2.014261178011307130e-04,-1.929146384320536188e-04,-1.827290549253684170e-04,-1.712234475149678153e-04,-1.587769204192522750e-04,-1.457677063485439341e-04,-1.325489105055724869e-04,-1.194286156404524447e-04,-1.066564388170350398e-04,-9.441770587918161791e-05,-8.283533879378888326e-05,-7.197849627390761013e-05,-6.187611610934600306e-05,-5.253288613225996783e-05,-4.394487526545094209e-05,-3.611208856544575801e-05,-2.904552684973430078e-05,-2.276685632686696178e-05,-1.729943228893851689e-05,-1.265007156492782633e-05,-8.781526767850581080e-06,-5.575972855669086526e-06,-2.789852729974202355e-06,0.000000000000000000e+00
0.000000000000000000e+00,1.838801418117040402e-06,4.013661350667339125e-06,6.481418153834822539e-06,9.174263611720445368e-06,1.199928190848060189e-05,1.483922872657698314e-05,1.755455629725250708e-05,1.998663077521622012e-05,2.196204678807284045e-05,2.329791450978190815e-05,2.380796609243824381e-05,2.330928950679851872e-05,2.162944278174511967e-05,1.861363354400157855e-05,1.413158111263073676e-05,8.083632270213524670e-06,4.057003389586104749e-07,-8.927341374209749506e-06,-1.990004919044807024e-05,-3.245662569180089035e-05,-4.650277625567375675e-05,-6.190878779302134624e-05,-7.851322822562214240e-05,-9.612657468616540304e-05,-1.145341178871550056e-04,-1.334976768952859699e-04,-1.527559823872972939e-04,-1.720240054776177134e-04,-1.909919521759431010e-04,-2.093250194830439275e-04,-2.266652236203409393e-04,-2.426365862345721566e-04,-2.568546595954308365e-04,-2.689407970851158034e-04,-2.785407975388699332e-04,-2.853466884350042230e-04,-2.891196135033749005e-04,-2.897112116018622308e-04,-2.870806488987979717e-04,-2.813046771416990110e-04,-2.725787466283809655e-04,-2.612082327157606398e-04,-2.475900954081658575e-04,-2.321865878807189614e-04,-2.154937498098231496e-04,-1.980081754735282644e-04,-1.801958037599234912e-04,-1.624661903692284370e-04,-1.451549366163598143e-04,-1.285157908723906874e-04,-1.127225893716014317e-04,-9.787986366094223118e-05,-8.403979603952176146e-05,-7.122238929171418383e-05,-5.943530718253813017e-05,-4.868984582378129555e-05,-3.900986377530045045e-05,-3.043113884072831638e-05,-2.298941424672303397e-05,-1.669621555471059352e-05,-1.150222462839850586e-05,-7.248441810976627051e-06,-3.605387995738580542e-06,0.000000000000000000e+00
0.000000000000000000e+00,2.380681042495147908e-06,5.194291839751715602e-06,8.381985939081568733e-06,1.185221568736784232e-05,1.548021964008005025e-05,1.910919968515851412e-05,2.255319964948681886e-05,2.560160932139002315e-05,2.802515009188255338e-05,2.958314515191012221e-05,3.003182741166444969e-05,2.913338143852574767e-05,2.666534744386615105e-05,2.242994152422864599e-05,1.626278320172316275e-05,8.040491836514919758e-06,-2.313358823143849040e-06,-1.482433716309652016e-05,-2.946553151283081836e-05,-4.615819611872291314e-05,-6.477437486950377921e-05,-8.514094591364290644e-05,-1.070443277885694541e-04,-1.302350015697761312e-04,-1.544310747573710691e-04,-1.793203590008845595e-04,-2.045608404551413882e-04,-2.297799361406911939e-04,-2.545734649091794220e-04,-2.785057071422596424e-04,-3.011121695515347856e-04,-3.219066181600008388e-04,-3.403935468532868071e-04,-3.560865267194102536e-04,-3.685319174162139731e-04,-3.773363612245632620e-04,-3.821955071294837474e-04,-3.829207166378750457e-04,-3.794602455081755050e-04,-3.719116725986446373e-04,-3.605231668076801536e-04,-3.456824564397861289e-04,-3.278939152621697644e-04,-3.077457685983634502e-04,-2.858707943841844352e-04,-2.629048193211901054e-04,-2.394476310800686548e-04,-2.160305863683018176e-04,-1.930942440217503888e-04,-1.709779421133579753e-04,-1.499215849712117864e-04,-1.300782512997557142e-04,-1.115348015461506534e-04,-9.433662155934846409e-05,-7.851208699279889293e-05,-6.409228648001246461e-05,-5.112194849066121637e-05,-3.965827006917790995e-05,-2.975530297945497640e-05,-2.143255099347501523e-05,-1.462729435871140580e-05,-9.130691324929874426e-06,-4.507694014146833739e-06,0.000000000000000000e+00
0.000000000000000000e+00,3.008187535327308404e-06,6.560370779504983991e-06,1.057801451719678716e-05,1.494014814007172171e-05,1.948283530615357216e-05,2.400089409903877793e-05,2.825188645731425174e-05,3.196226953722005460e-05,3.483549751523261898e-05,3.656177598700338448e-05,3.682909308591913631e-05,3.533507315202842039e-05,3.179911856974660289e-05,2.597423186658374931e-05,1.765786156926906742e-05,6.701115088952675515e-06,-6.984248123405976277e-06,-2.342147671157339560e-05,-4.256733942931688905e-05,-6.431338993667274641e-05,-8.848956152277413279e-05,-1.148693701799997322e-04,-1.431757899180036175e-04,-1.730867915117945317e-04,-2.042396490564341353e-04,-2.362334350478628871e-04,-2.686296235669264395e-04,-3.009513382625813422e-04,-3.326824127210131787e-04,-3.632679447969821489e-04,-3.921182903960362129e-04,-4.186183495070291082e-04,-4.421434963249080779e-04,-4.620826194371558098e-04,-4.778675720015688696e-04,-4.890070612291751205e-04,-4.951218511849775957e-04,-4.959773385964929508e-04,-4.915092761079637492e-04,-4.818387719475058129e-04,-4.672736946475343012e-04,-4.482951467248262752e-04,-4.255295298287361801e-04,-3.997086239452705882e-04,-3.716217418926239793e-04,-3.420651283248219180e-04,-3.117941638175732795e-04,-2.814835405097132286e-04,-2.516994553097127605e-04,-2.228861927235160402e-04,-1.953674934037379800e-04,-1.693611091133543993e-04,-1.450031944710647067e-04,-1.223778865508011525e-04,-1.015466972660147084e-04,-8.257222103267218116e-05,-6.553108791956644991e-05,-5.051194982803843063e-05,-3.759540653806939134e-05,-2.681396103538907829e-05,-1.809111751368649881e-05,-1.115935367209215794e-05,-5.456628854935110230e-06,0.000000000000000000e+00
0.000000000000000000e+00,3.716143858118539238e-06,8.100122911575234004e-06,1.304917985429355739e-05,1.840660434991011878e-05,2.396123692993562142e-05,2.944990690480351529e-05,3.456283010882058861e-05,3.895181627868649679e-05,4.224098347708739537e-05,4.403954721156517360e-05,4.395613850419924324e-05,4.161400303994960411e-05,3.666634439864635163e-05,2.881100940687007433e-05,1.780369185881593689e-05,3.468874113331127999e-06,-1.429214773571946213e-05,-3.549659295517062113e-05,-6.007901864085903721e-05,-8.789341930495162035e-05,-1.187180182083425866e-04,-1.522618390134874273e-04,-1.881719276757637600e-04,-2.260400450140019905e-04,-2.654078160999519416e-04,-3.057697189793683978e-04,-3.465738945356660033e-04,-3.872214842089870723e-04,-4.270659300510265001e-04,-4.654142506905785794e-04,-5.015325845550127476e-04,-5.346581481623034196e-04,-5.640191375030840278e-04,-5.888630372100276105e-04,-6.084924222100108505e-04,-6.223058476908744979e-04,-6.298400825919042365e-04,-6.308090107449513401e-04,-6.251342175373853036e-04,-6.129627223147825210e-04,-5.946685086947855331e-04,-5.708363150518354443e-04,-5.422283270265153103e-04,-5.097366361006392841e-04,-4.743262437081693797e-04,-4.369746893591322447e-04,-3.986148496511903762e-04,-3.600870119242220637e-04,-3.221050361034936147e-04,-2.852394751429317382e-04,-2.499182134822164575e-04,-2.164428273016241375e-04,-1.850167766018998450e-04,-1.557799508819339158e-04,-1.288431582943597295e-04,-1.043159197489088361e-04,-8.232135367727643057e-05,-6.299288208218231666e-05,-4.644876125409334487e-05,-3.274180430836715197e-05,-2.178284485173171472e-05,-1.323718126953049907e-05,-6.393081378169998492e-06,0.000000000000000000e+00
0.000000000000000000e+00,4.494159276186311856e-06,9.790342895573859268e-06,1.575656328350648753e-05,2.219352728632548879e-05,2.883424711490940889e-05,3.534739979368426132e-05,4.134446641449701334e-05,4.639044352028721621e-05,5.001770544563957242e-05,5.174241254941733736e-05,5.108270490025655620e-05,4.757779390530080915e-05,4.080697120354406852e-05,3.040750789236410651e-05,1.609043593619488116e-05,-2.346694598967316716e-06,-2.501079245077288181e-05,-5.190835546703757142e-05,-8.294480429527438102e-05,-1.179276542083560240e-04,-1.565727474569426989e-04,-1.985124209105208195e-04,-2.433042694068440965e-04,-2.904391489897327982e-04,-3.393472928061184784e-04,-3.894018982099473861e-04,-4.399202503851919123e-04,-4.901632839733535696e-04,-5.393353080212988414e-04,-5.865862585304156603e-04,-6.310191255058358916e-04,-6.717049956078645617e-04,-7.077074008955047462e-04,-7.381164128374539252e-04,-7.620913194527029026e-04,-7.789090132592626581e-04,-7.880136932154691368e-04,-7.890624413013222959e-04,-7.819609149192766799e-04,-7.668839350580315423e-04,-7.442771423045756781e-04,-7.148379840210166477e-04,-6.794768012596445013e-04,-6.392613320001194711e-04,-5.953501433396162423e-04,-5.489220001686438265e-04,-5.011087294039729854e-04,-4.529386532092525360e-04,-4.052962097229654789e-04,-3.589011686253842839e-04,-3.143081976258112371e-04,-2.719248069065894453e-04,-2.320432399201189560e-04,-1.948799733519383445e-04,-1.606153189483444806e-04,-1.294252526666880973e-04,-1.014979878757626454e-04,-7.702881838561821996e-05,-5.618816664597965394e-05,-3.905930541123050560e-05,-2.554354891181469955e-05,-1.523145030315076553e-05,-7.238252073660973593e-06,0.000000000000000000e+00
0.000000000000000000e+00,5.326525793652923089e-06,1.159618841658325794e-05,1.864237035633051231e-05,2.621597062920112743e-05,3.398521828696931819e-05,4.154018387443008493e-05,4.840202181956014429e-05,5.403666093945347219e-05,5.787237240708926757e-05,5.932039611922994109e-05,5.779760347793968075e-05,5.275002301630484658e-05,4.367596459151004419e-05,3.014746180381390996e-05,1.182882606298392536e-05,-1.150871900389345377e-05,-3.997707429634498255e-05,-7.356634982530528642e-05,-1.121449283614411229e-04,-1.554639629888679810e-04,-2.031653104900987979e-04,-2.547915392457431451e-04,-3.097964486552271055e-04,-3.675545637502897482e-04,-4.273683698841152174e-04,-4.884726359443392844e-04,-5.500359944216672318e-04,-6.111608959263341214e-04,-6.708839730991134889e-04,-7.281795410909384621e-04,-7.819692397070359931e-04,-8.311405435786511269e-04,-8.745759756137759045e-04,-9.111934129213040577e-04,-9.399960492651029736e-04,-9.601286486543274962e-04,-9.709350221806966512e-04,-9.720105142545415510e-04,-9.632429597843086746e-04,-9.448362151412026009e-04,-9.173119609529972697e-04,-8.814878466082863226e-04,-8.384328743500704933e-04,-7.894037912734846053e-04,-7.357687325099403252e-04,-6.789260513728400618e-04,-6.202269125721365448e-04,-5.609097051448410157e-04,-5.020527215989054222e-04,-4.445490775739284299e-04,-3.891048561661930431e-04,-3.362583516979100848e-04,-2.864154478912709343e-04,-2.398939174568796482e-04,-1.969679903253556427e-04,-1.579039973383593689e-04,-1.229782210576114932e-04,-9.246912896434424773e-05,-6.661768607737701459e-05,-4.555112495711038511e-05,-2.916700194258546331e-05,-1.697512860441217333e-05,-7.894497660722780790e-06,0.000000000000000000e+00
0.000000000000000000e+00,6.192483150585270622e-06,1.347178340914506263e-05,2.163097321580682684e-05,3.036371418719199127e-05,3.926439209321222294e-05,4.783403314817125665e-05,5.549202977832347360e-05,6.159329743078000182e-05,6.545010906314311120e-05,6.635753174200593823e-05,6.362113523740217506e-05,5.658546842317424661e-05,4.466171878973130616e-05,2.735299651080777544e-05,4.275827369191523750e-06,-2.482329848680274817e-05,-6.005709996343367373e-05,-1.013927113107754253e-04,-1.486527058000864656e-04,-2.015211830915321670e-04,-2.595536758797544938e-04,-3.221892581530520642e-04,-3.887630560908365428e-04,-4.585174410191814346e-04,-5.306105663844267080e-04,-6.041215992249871197e-04,-6.780529338646591655e-04,-7.513307382202701014e-04,-8.228061901311545636e-04,-8.912604992185221538e-04,-9.554170736447709089e-04,-1.013963830276780808e-03,-1.065587608353215244e-03,-1.109021003323596138e-03,-1.143099890872844313e-03,-1.166827769209279010e-03,-1.179441176778413779e-03,-1.180469203073157428e-03,-1.169779787989164285e-03,-1.147606252052856468e-03,-1.114549295769155313e-03,-1.071552351644388442e-03,-1.019851313273883835e-03,-9.609028489933060194e-04,-8.962982548990024211e-04,-8.276716909593033206e-04,-7.566123781033533540e-04,-6.845897911690011772e-04,-6.128991301299226537e-04,-5.426316307642756794e-04,-4.746709539531002772e-04,-4.097134021184453386e-04,-3.483064794115985226e-04,-2.908977010846172575e-04,-2.378838189544902270e-04,-1.896498820469591398e-04,-1.465877740609168698e-04,-1.090849129417419399e-04,-7.747539993702278892e-05,-5.194770413609949380e-05,-3.240450997668592486e-05,-1.827109366997185265e-05,-8.247887564774332577e-06,0.000000000000000000e+00
0.000000000000000000e+00,7.066816472327360738e-06,1.536155212197878964e-05,2.463114588966341259e-05,3.450459309904056315e-05,4.449354310204531966e-05,5.399988908260253210e-05,6.233036393208683996e-05,6.871764543959934970e-05,7.234700060076188920e-05,7.238709528673757622e-05,6.802328711462920000e-05,5.849152623451590307e-05,4.311092684599341284e-05,2.131315228484959739e-05,-7.333018619602718808e-06,-4.310321404131004338e-05,-8.610587054287845545e-05,-1.362777367440644609e-04,-1.933860922311926350e-04,-2.570366941671088147e-04,-3.266859379056400955e-04,-4.016553394178682714e-04,-4.811462930046906099e-04,-5.642531955062808895e-04,-6.499734995075659308e-04,-7.372140573262238794e-04,-8.247941750428590098e-04,-9.114469709876902095e-04,-9.958217250417415213e-04,-1.076490681535416469e-03,-1.151964009830789074e-03,-1.220716176566051005e-03,-1.281225794334316190e-03,-1.332029172296774703e-03,-1.371785532837574775e-03,-1.399349514734761577e-03,-1.413844556328035761e-03,-1.414729429919572585e-03,-1.401849885050517400e-03,-1.375468210447569227e-03,-1.336265513762505304e-03,-1.285314424025802392e-03,-1.224023359581378426e-03,-1.154056985034656582e-03,-1.077240489734348486e-03,-9.954574019162693022e-04,-9.105514847428221661e-04,-8.242427048952621557e-04,-7.380653847621875940e-04,-6.533336944781942181e-04,-5.711359980312002852e-04,-4.923557000191439810e-04,-4.177126102127470732e-04,-3.478158527328883867e-04,-2.832172839655236712e-04,-2.244533955989585128e-04,-1.720637628420302353e-04,-1.265751035434781538e-04,-8.844165826709997032e-05,-5.793447893769340998e-05,-3.497380348435545736e-05,-1.889936014246370596e-05,-8.172436134112571408e-06,0.000000000000000000e+00
0.000000000000000000e+00,7.920710867563115934e-06,1.720211721637298312e-05,2.753921877039714814e-05,3.848914423010916922e-05,4.947237164052715991e-05,5.978226734755245989e-05,6.860293102852179302e-05,7.503470774305680106e-05,7.812614660664907932e-05,7.691069544484852580e-05,7.044605816767710547e-05,5.785393396041286303e-05,3.835782246068639433e-05,1.131672355458589872e-05,-2.374712182546134147e-05,-6.712783208982990959e-05,-1.189236159243976657e-04,-1.790327519151574192e-04,-2.471572374862651559e-04,-3.228128644407816635e-04,-4.053439183896223380e-04,-4.939403191979830450e-04,-5.876548974572965833e-04,-6.854187052359334833e-04,-7.860528253755253878e-04,-8.882760580721187462e-04,-9.907090427976293634e-04,-1.091876659382954142e-03,-1.190211723828241749e-03,-1.284063802028053997e-03,-1.371717176291770840e-03,-1.451421455602047456e-03,-1.521436980461091581e-03,-1.580095143518111568e-03,-1.625871281638398671e-03,-1.657465263586686659e-03,-1.673882728466807076e-03,-1.674508535822036813e-03,-1.659163687786948229e-03,-1.628137937502948957e-03,-1.582192469141843706e-03,-1.522530183484174272e-03,-1.450734837466140670e-03,-1.368684045483513443e-03,-1.278444407000151354e-03,-1.182159293210147035e-03,-1.081940758260507753e-03,-9.797764830366323049e-04,-8.774606687735836495e-04,-7.765546271439445697e-04,-6.783788666308189627e-04,-5.840342393921815192e-04,-4.944456858160755199e-04,-4.104187339962451445e-04,-3.326965038981766578e-04,-2.620037090880012257e-04,-1.990640580425288896e-04,-1.445783848083981966e-04,-9.915248240369757017e-05,-6.316552268858633779e-05,-3.657153348482893051e-05,-1.862693871713404811e-05,-7.535785851476464021e-06,0.000000000000000000e+00
0.000000000000000000e+00,8.722766001190603973e-06,1.892454790754686148e-05,3.024280038334343010e-05,4.215605878684723081e-05,5.398595498313846550e-05,6.490897664700050510e-05,7.397791686565630056e-05,8.015220878351059567e-05,8.233564391910781679e-05,7.941939292403794447e-05,7.032783206747124491e-05,5.406446167907279579e-05,2.975520248662232703e-05,-3.313426637796197704e-06,-4.566332703653572353e-05,-9.760252448758836158e-05,-1.592123380261207589e-04,-2.303440124916641453e-04,-3.106240269417710927e-04,-3.994665639656949045e-04,-4.960910316696485025e-04,-5.995421505169647777e-04,-7.087100310230076044e-04,-8.223479416975690640e-04,-9.390861318676073290e-04,-1.057441106744602200e-03,-1.175821053788324126e-03,-1.292529513285543569e-03,-1.405770632513280230e-03,-1.513660175449199228e-03,-1.614246636873419190e-03,-1.705546170066276441e-03,-1.785593549531016427e-03,-1.852509178983414041e-03,-1.904579498729239541e-03,-1.940345443040757513e-03,-1.958691301790185541e-03,-1.958924884381898351e-03,-1.940839599049706517e-03,-1.904750109603523716e-03,-1.851495569747478240e-03,-1.782407805491336783e-03,-1.699245783768419359e-03,-1.604101721498225885e-03,-1.499287677404335505e-03,-1.387213915296462742e-03,-1.270271361681104237e-03,-1.150729930377880931e-03,-1.030662400503096513e-03,-9.119001662683064082e-04,-7.960229430027300100e-04,-6.843799231588331648e-04,-5.781354566186789777e-04,-4.783285554729900654e-04,-3.859327563359099349e-04,-3.019013225492421797e-04,-2.271824700926503341e-04,-1.626901106136767765e-04,-1.092172015893782416e-04,-6.728068459571458280e-05,-3.688851846824598660e-05,-1.721965203173639585e-05,-6.205952745598627366e-06,0.000000000000000000e+00
0.000000000000000000e+00,9.440074156818902454e-06,2.045674452288785537e-05,3.262471331951041792e-05,4.533792505733299046e-05,5.781255415397685117e-05,6.910123753880385421e-05,7.811844327366556252e-05,8.367598158451051938e-05,8.452684968659050671e-05,7.941493164917182656e-05,6.712760882013935916e-05,4.654811493678813017e-05,1.670451065578897065e-05,-2.318755078855479337e-05,-7.369056942227344672e-05,-1.351210500469736007e-04,-2.075362210257785170e-04,-2.907314912220446135e-04,-3.842476373599370675e-04,-4.873859216737412440e-04,-5.992287126835706221e-04,-7.186628037661380768e-04,-8.444025761900059287e-04,-9.750104999870364778e-04,-1.108913233604721721e-03,-1.244412736137218969e-03,-1.379693229645587247e-03,-1.512826348192684639e-03,-1.641778126663323047e-03,-1.764422334997100671e-03,-1.878564802365462584e-03,-1.981982641256502947e-03,-2.072480652066301804e-03,-2.147964807594308738e-03,-2.206529885656885112e-03,-2.246555459285172300e-03,-2.266802044826804648e-03,-2.266497698903468215e-03,-2.245405086335258184e-03,-2.203860176748216083e-03,-2.142776215547174609e-03,-2.063610184254948982e-03,-1.968293160720450703e-03,-1.859130238951499934e-03,-1.738679369235724163e-03,-1.609621093049033204e-03,-1.474632280986212839e-03,-1.336276445938903816e-03,-1.196921035738404086e-03,-1.058688562407349761e-03,-9.234439228802367779e-04,-7.928153365049459694e-04,-6.682415228507166891e-04,-5.510335765781376998e-04,-4.424368608979526341e-04,-3.436763776171679568e-04,-2.559685362192648181e-04,-1.804828968139325889e-04,-1.182389632726606947e-04,-6.992491800428385341e-05,-3.562659028901501556e-05,-1.445502018443075611e-05,-4.058629162683046626e-06,0.000000000000000000e+00
0.000000000000000000e+00,1.003928474461567807e-05,2.172578782093764332e-05,3.456685780309730598e-05,4.786683730464663628e-05,6.073119091363436678e-05,7.208343017408910662e-05,8.069465658536570439e-05,8.522452225169671830e-05,8.427147241912728902e-05,7.642937491966289793e-05,6.034712884676603044e-05,3.478762337652063443e-05,-1.317496522045742712e-06,-4.882042081331261886e-05,-1.083196499630182524e-04,-1.801340527880583282e-04,-2.642892482405221222e-04,-3.605160490948015363e-04,-4.682597330635850444e-04,-5.866980469834763264e-04,-7.147651873472953563e-04,-8.511786233130105416e-04,-9.944656194373396787e-04,-1.142986737252899270e-03,-1.294954466600590701e-03,-1.448446411445096678e-03,-1.601413999634618670e-03,-1.751689287470267493e-03,-1.896993812272691846e-03,-2.034954314989691725e-03,-2.163130254624186840e-03,-2.279057209867011921e-03,-2.380308500739235483e-03,-2.464574825155713481e-03,-2.529758715601186821e-03,-2.574077623964150883e-03,-2.596166934379784928e-03,-2.595172648933524728e-03,-2.570823237538432358e-03,-2.523471355686395488e-03,-2.454098753878575061e-03,-2.364281447380202524e-03,-2.256116612599849604e-03,-2.132117134191137148e-03,-1.995083620545918396e-03,-1.847966473354960629e-03,-1.693731825310983803e-03,-1.535244641873152131e-03,-1.375180044599885569e-03,-1.215970204150677294e-03,-1.059789399993860083e-03,-9.085745941719525166e-04,-7.640736970480960970e-04,-6.279091512387309114e-04,-5.016409549096440077e-04,-3.868110566408669440e-04,-2.849502570410478034e-04,-1.975292109130131818e-04,-1.258364818251025139e-04,-7.076828125962775435e-05,-3.251573194289065203e-05,-1.013522397153100219e-05,-9.844843366565720743e-07,0.000000000000000000e+00
0.000000000000000000e+00,1.048760870116613311e-05,2.266014792508743179e-05,3.595382369147585215e-05,4.957959874509385001e-05,6.252860847623449461e-05,7.359194703733133508e-05,8.139456310528604666e-05,8.444184554831794039e-05,8.117642432311678751e-05,7.004186604927354438e-05,4.954938718754231845e-05,1.834348921997287215e-05,-2.473744680922509347e-05,-8.060910545797545521e-05,-1.499004768352874938e-04,-2.329261932649421890e-04,-3.296726853132906374e-04,-4.397977617931137428e-04,-5.626421496834565182e-04,-6.972505996967196451e-04,-8.423994630642213767e-04,-9.966272675910768306e-04,-1.158264851165531715e-03,-1.325462108769606510e-03,-1.496209385957054157e-03,-1.668352946573872352e-03,-1.839605606769926637e-03,-2.007555328117418929e-03,-2.169676007387762000e-03,-2.323345583290912196e-03,-2.465876641552223331e-03,-2.594563786395528808e-03,-2.706750160624408260e-03,-2.799912816166640235e-03,-2.871763505354269982e-03,-2.920358343900133699e-03,-2.944207201961855994e-03,-2.942372085443587491e-03,-2.914543529846187232e-03,-2.861085308154860327e-03,-2.783040489077868562e-03,-2.682095779510821135e-03,-2.560505659486899364e-03,-2.420982459196442931e-03,-2.266562592185376868e-03,-2.100462065085969589e-03,-1.925935698890284768e-03,-1.746153996425521375e-03,-1.564109289948387290e-03,-1.382558945906992801e-03,-1.204008423442386091e-03,-1.030731434226934582e-03,-8.648189331124250551e-04,-7.082437460375175719e-04,-5.629237720371128460e-04,-4.307641759452897345e-04,-3.136579110215912368e-04,-2.134241425801686274e-04,-1.316653112020783152e-04,-6.952505984131123699e-05,-2.733019435279251063e-05,-4.099161371257396607e-06,3.104088829219143184e-06,0.000000000000000000e+00
0.000000000000000000e+00,1.075374721451602731e-05,2.319171587035976834e-05,3.667618312469712064e-05,5.032240702382476371e-05,6.300544419341760037e-05,7.338289988733150430e-05,7.993326168439821261e-05,8.100817287002448240e-05,7.489582977424964370e-05,5.989175770940661771e-05,3.437262204766493296e-05,-3.131483818454718586e-06,-5.387065260886747010e-05,-1.188185132813022402e-04,-1.986283006264780669e-04,-2.936035545359971192e-04,-4.036841569913415502e-04,-5.284471812565497313e-04,-6.671208601805631673e-04,-8.186089766117953057e-04,-9.815222378847274047e-04,-1.154212816397936180e-03,-1.334808306671169406e-03,-1.521241923223815538e-03,-1.711276845842521098e-03,-1.902524134011693725e-03,-2.092455414246862516e-03,-2.278413341323643360e-03,-2.457624338630355794e-03,-2.627219018115936784e-03,-2.784265704460673133e-03,-2.925821493972188998e-03,-3.049003280232905240e-03,-3.151078370164306190e-03,-3.229571056847859410e-03,-3.282378289203437098e-03,-3.307884909276657091e-03,-3.305067300087366489e-03,-3.273574059237564955e-03,-3.213773650232454315e-03,-3.126761816924461708e-03,-3.014325575379461948e-03,-2.878865324042619109e-03,-2.723281412749448474e-03,-2.550835723411075395e-03,-2.365001840979047074e-03,-2.169318782123458821e-03,-1.967262762498347018e-03,-1.762149124968765117e-03,-1.557072559416179452e-03,-1.354888553725634628e-03,-1.158233189810928959e-03,-9.695725545055339711e-04,-7.912677601208679534e-04,-6.256373472514596430e-04,-4.749959918985476471e-04,-3.416470683872182960e-04,-2.278065959307208881e-04,-1.354370288961761668e-04,-6.597058307828427073e-05,-1.990240465487419768e-05,3.767283185449407526e-06,8.267270863626335442e-06,0.000000000000000000e+00
0.000000000000000000e+00,1.080875068345506305e-05,2.325766873894593420e-05,3.663347645348044221e-05,4.995503018340168185e-05,6.198160847536532360e-05,7.123865001596257581e-05,7.606050443985628694e-05,7.464833228115312104e-05,6.514000582058646115e-05,4.568785192258020144e-05,1.453943895098564748e-05,-2.988360285829498732e-05,-8.891351625402732777e-05,-1.635752739597331053e-04,-2.545395725219529387e-04,-3.620919876712347146e-04,-4.861189919838192620e-04,-6.261101853888353941e-04,-7.811748196731120846e-04,-9.500696168703014763e-04,-1.131234096146182221e-03,-1.322829239139487918e-03,-1.522775429240281206e-03,-1.728786250028868871e-03,-1.938395915302079230e-03,-2.148979737608893315e-03,-2.357768939668817253e-03,-2.561863003845977951e-03,-2.758244315974781903e-03,-2.943800766762723949e-03,-3.115361963680998367e-03,-3.269753637912210711e-03,-3.403872730612590020e-03,-3.514782720260104312e-03,-3.599825384983957113e-03,-3.656741874732573512e-03,-3.683793234771771778e-03,-3.679868866179950883e-03,-3.644571192473120003e-03,-3.578266188178782104e-03,-3.482092343187862243e-03,-3.357924777415791009e-03,-3.208296075668293917e-03,-3.036280345364105078e-03,-2.845351335129695566e-03,-2.639228576122048912e-03,-2.421726955212641537e-03,-2.196624648477177224e-03,-1.967561928276261463e-03,-1.737979240779201004e-03,-1.511097567434173524e-03,-1.289938005246455419e-03,-1.077371357027858160e-03,-8.761829202675622220e-04,-6.891331067414077898e-04,-5.189913518340630826e-04,-3.685191018005653596e-04,-2.403773641237493333e-04,-1.369349615752155709e-04,-5.995455280039592872e-05,-1.013369957767937517e-05,1.352346416675696372e-05,1.453354753547749282e-05,0.000000000000000000e+00
0.000000000000000000e+00,1.062681933095228449e-05,2.280219300394026937e-05,3.573693040030304991e-05,4.835452675566855534e-05,5.930093774735037079e-05,6.697324251326376753e-05,6.956667737929262221e-05,6.513797146909053868e-05,5.168152307066528151e-05,2.721386597802151513e-05,-1.013880616619366979e-05,-6.205550444675333175e-05,-1.299428869330914479e-04,-2.148697760355410230e-04,-3.175172007536851762e-04,-4.381461109574211372e-04,-5.765834667328083047e-04,-7.322259377600579509e-04,-9.040590735272165676e-04,-1.090688642945986195e-03,-1.290380009249441316e-03,-1.501101014580039561e-03,-1.720563990338199942e-03,-1.946263234430294781e-03,-2.175505588034907980e-03,-2.405433496684607295e-03,-2.633041950723700314e-03,-2.855192681323971519e-03,-3.068630603594034272e-03,-3.270008416257297757e-03,-3.455925225152481177e-03,-3.622983921737613511e-03,-3.767869855874014968e-03,-3.887450318531894197e-03,-3.978890885669257235e-03,-4.039781275831262446e-03,-4.068260586970988066e-03,-4.063130100120880203e-03,-4.023941632760357628e-03,-3.951050855814954715e-03,-3.845627979080608154e-03,-3.709622444894899226e-03,-3.545683231761988935e-03,-3.357041410119315089e-03,-3.147366024752785291e-03,-2.920607576201944208e-03,-2.680844860139582758e-03,-2.432150437401449806e-03,-2.178487533446367592e-03,-1.923646932955229557e-03,-1.671226877118354342e-03,-1.424652664652127166e-03,-1.187226243480429388e-03,-9.621901791768210869e-04,-7.527855194269944279e-04,-5.622795916495175201e-04,-3.939377987536135640e-04,-2.509128763371594136e-04,-1.360254158320255645e-04,-5.141001727984286429e-05,1.998806330270528047e-06,2.516919092959918683e-05,2.189714738528799904e-05,0.000000000000000000e+00
0.000000000000000000e+00,1.018604544381447995e-05,2.177806764055651361e-05,3.391191528958274043e-05,4.541852810626401918e-05,5.483515921016805875e-05,6.043681237351071462e-05,6.028731089759893240e-05,5.230774888302747541e-05,3.435858126476982230e-05,4.330441486170916857e-06,-3.976195097424590471e-05,-9.968865502323406977e-05,-1.769217206056179510e-04,-2.725655740316714837e-04,-3.873042649013965443e-04,-5.213678531588137894e-04,-6.745186521969684509e-04,-8.460564570937922652e-04,-1.034840405493337888e-03,-1.239323872356041210e-03,-1.457597917175102505e-03,-1.687438402458702521e-03,-1.926352079424874762e-03,-2.171617736797188183e-03,-2.420319903290807807e-03,-2.669374462035675310e-03,-2.915547654914741899e-03,-3.155472022424317055e-03,-3.385664491148006848e-03,-3.602552748854247894e-03,-3.802515975247252981e-03,-3.981944798437777114e-03,-4.137323072996681658e-03,-4.265330962478236336e-03,-4.362965261309798351e-03,-4.427669424994446282e-03,-4.457462947227857492e-03,-4.451058029580320756e-03,-4.407951298749084729e-03,-4.328479798750303406e-03,-4.213833539851283630e-03,-4.066021199835346579e-03,-3.887790620318936317e-03,-3.682510863506004498e-03,-3.454027096581668149e-03,-3.206502816424752419e-03,-2.944265431376608642e-03,-2.671670710377020350e-03,-2.392999072421706040e-03,-2.112392345820311886e-03,-1.833833910759272027e-03,-1.561168630336697916e-03,-1.298152322581482476e-03,-1.048514359914945243e-03,-8.160118342350347349e-04,-6.044499535521460562e-04,-4.176410663162795703e-04,-2.592737947811461384e-04,-1.326637525730868430e-04,-4.035746935598759485e-05,1.643961178084146378e-05,3.864320651750610160e-05,3.031732999675846316e-05,0.000000000000000000e+00
0.000000000000000000e+00,9.469073509587435180e-06,2.014805876437538910e-05,3.110007290053624484e-05,4.106800458957693542e-05,4.848709528438572669e-05,5.151891860778710377e-05,4.810613114401364780e-05,3.604559852253825093e-05,1.307591049093867870e-05,-2.302594619854824814e-05,-7.434476526405068761e-05,-1.427303987733074089e-04,-2.297100832826833971e-04,-3.364149602024458152e-04,-4.635247213822736752e-04,-6.112327981752114364e-04,-7.792328333117230473e-04,-9.667254689430059391e-04,-1.172442893481705391e-03,-1.394687257540367428e-03,-1.631378135326468732e-03,-1.880103799187422126e-03,-2.138171287536420363e-03,-2.402651120792067760e-03,-2.670414016383980405e-03,-2.938158934013610120e-03,-3.202434007270132943e-03,-3.459654067095900391e-03,-3.706120176268737701e-03,-3.938047530135834612e-03,-4.151607978372305781e-03,-4.342992167483962843e-03,-4.508493955358590551e-03,-4.644616557445019681e-03,-4.748196264522245788e-03,-4.816536050912428521e-03,-4.847538529239258515e-03,-4.839826008171951160e-03,-4.792835237573182978e-03,-4.706875938382452593e-03,-4.583145325532394718e-03,-4.423695210826429289e-03,-4.231353384553403207e-03,-4.009606153704298181e-03,-3.762453457400050365e-03,-3.494251245107852719e-03,-3.209557300542727892e-03,-2.912996150844220956e-03,-2.609156093112683858e-03,-2.302526921457439917e-03,-1.997481080622557411e-03,-1.698294289034754396e-03,-1.409194816888110005e-03,-1.134424209862299393e-03,-8.782868520325787546e-04,-6.451617221355076398e-04,-4.394471379247050051e-04,-2.654080451934322932e-04,-1.268950259384215738e-04,-2.690389339983175788e-05,3.305658065710730641e-05,5.382498191231914518e-05,3.971954697856719331e-05,0.000000000000000000e+00
0.000000000000000000e+00,8.463627471361129926e-06,1.788602008785275895e-05,2.726095788332933675e-05,3.524931979687922530e-05,4.019289564370310739e-05,4.015060921090778123e-05,3.295650889678364818e-05,1.629702291132497074e-05,-1.219670284685672723e-05,-5.484688803313068288e-05,-1.138239589812565307e-04,-1.910447539855547865e-04,-2.880803917982792785e-04,-4.060792616748141407e-04,-5.457093079203575222e-04,-7.071221728219765886e-04,-8.899399696471444431e-04,-1.093263633135575785e-03,-1.315700094805065216e-03,-1.555404111777969941e-03,-1.810129592844877304e-03,-2.077284848661321761e-03,-2.353986441458605534e-03,-2.637107258070045014e-03,-2.923316026072607637e-03,-3.209107581410135419e-03,-3.490825520423332384e-03,-3.764681094369969495e-03,-4.026773960235112762e-03,-4.273121342844909097e-03,-4.499702034414988609e-03,-4.702520349025624338e-03,-4.877692733673100016e-03,-5.021556476552222099e-03,-5.130796273306601277e-03,-5.202580847868008493e-03,-5.234698941131460392e-03,-5.225682284345748926e-03,-5.174903027288854131e-03,-5.082634646212199139e-03,-4.950068518859042713e-03,-4.779282784664265135e-03,-4.573165264809865571e-03,-4.335297426374999652e-03,-4.069810929140720186e-03,-3.781231548724152403e-03,-3.474326734735512685e-03,-3.153972464286677359e-03,-2.825052365657503613e-03,-2.492397536782813006e-03,-2.160769501715370088e-03,-1.834881917852241055e-03,-1.519449620458062289e-03,-1.219247005499820126e-03,-9.391521413397962677e-04,-6.841487192251403645e-04,-4.592551146859959361e-04,-2.693482639733994375e-04,-1.188492777984611823e-04,-1.123691648586113215e-05,5.164687859266761313e-05,7.053967108711957368e-05,4.999838173383187303e-05,0.000000000000000000e+00
0.000000000000000000e+00,7.162834262796278137e-06,1.497755057579804600e-05,2.237296871230716287e-05,2.793528694512253558e-05,2.992297426521333095e-05,2.630489442110678662e-05,1.482102966036533090e-05,-6.936762505172300113e-06,-4.142828558313064736e-05,-9.105855738819206057e-05,-1.580679984173485961e-04,-2.444261801057663001e-04,-3.517357570331693800e-04,-4.811523388597206013e-04,-6.333247113951915577e-04,-8.083581176435630919e-04,-1.005801408623472910e-03,-1.224656934026598434e-03,-1.463410235401788832e-03,-1.720075101782640638e-03,-1.992248513983430752e-03,-2.277169580987078220e-03,-2.571776857489909383e-03,-2.872759453486692545e-03,-3.176599039351476507e-03,-3.479602041497190275e-03,-3.777923740850873575e-03,-4.067588279755403324e-03,-4.344510374026561671e-03,-4.604525468794048657e-03,-4.843434918063545085e-03,-5.057071407800839760e-03,-5.241387364589811595e-03,-5.392565770231050153e-03,-5.507149073441283682e-03,-5.582178295264372987e-03,-5.615331533736746088e-03,-5.605049391960480534e-03,-5.550634740623042532e-03,-5.452315826142283169e-03,-5.311264945491610788e-03,-5.129569379920544299e-03,-4.910156461418239277e-03,-4.656679859794769609e-03,-4.373378714467508407e-03,-4.064924450464129681e-03,-3.736271524757964722e-03,-3.392527676937055672e-03,-3.038856486430192502e-03,-2.680420391297441262e-03,-2.322366234603078037e-03,-1.969848455239628284e-03,-1.628077881303905197e-03,-1.302377347771854679e-03,-9.982195730598043132e-04,-7.212182348742907307e-04,-4.770400830570489499e-04,-2.712040261524421240e-04,-1.087319276934221217e-04,6.385471728126315520e-06,7.194665989966044731e-05,8.856588014184485274e-05,6.102206691669531538e-05,0.000000000000000000e+00
0.000000000000000000e+00,5.565268360936142822e-06,1.142005095136301777e-05,1.643332827330485756e-05,1.912491872451057304e-05,1.768129891777549996e-05,9.995268449488761773e-06,-6.271135183628754483e-06,-3.360305943973702382e-05,-7.453301539269571664e-05,-1.315307012572102690e-04,-2.068893185160704295e-04,-3.026155801786244376e-04,-4.203303267110988306e-04,-5.611857799206077663e-04,-7.258040672686485832e-04,-9.142398689766031983e-04,-1.125968036852414761e-03,-1.359894984058568519e-03,-1.614390735569702640e-03,-1.887336947238272070e-03,-2.176185123774762326e-03,-2.478018840927423850e-03,-2.789614101744409061e-03,-3.107493051047884036e-03,-3.427968057303850020e-03,-3.747175458848292853e-03,-4.061100772385136531e-03,-4.365599513949162264e-03,-4.656419600694388511e-03,-4.929232238346402048e-03,-5.179678007699214590e-03,-5.403433452571933943e-03,-5.596300936388314343e-03,-5.754321160117547435e-03,-5.873903966846363151e-03,-5.951969446528889915e-03,-5.986088469865287823e-03,-5.974610127061360555e-03,-5.916763477809060777e-03,-5.812722668673853468e-03,-5.663627728576780575e-03,-5.471557853268370179e-03,-5.239459176991203074e-03,-4.971034222167898704e-03,-4.670604706549767553e-03,-4.342962533408539251e-03,-3.993225112747459359e-03,-3.626710397319739178e-03,-3.248844151377080439e-03,-2.865107230356914950e-03,-2.481024470623975197e-03,-2.102189749203279244e-03,-1.734314518940818957e-03,-1.383280277158783957e-03,-1.055169498935776707e-03,-7.562448865496535595e-04,-4.928434339821393664e-04,-2.711495710734283891e-04,-9.681001799972141324e-05,2.564888440443713162e-05,9.364383668368308176e-05,1.076457304668156328e-04,7.263828195810403216e-05,0.000000000000000000e+00
0.000000000000000000e+00,3.674657724137324482e-06,7.222053751475500906e-06,9.456924747114125112e-06,8.841628158481831354e-06,3.502758611749327747e-06,-8.727995676860827832e-06,-3.024929221319155208e-05,-6.360444068861084352e-05,-1.113790371253551637e-04,-1.760879247994305129e-04,-2.600585044792052321e-04,-3.653178182137914649e-04,-4.934905714506470763e-04,-6.457143652524962489e-04,-8.225769706642562136e-04,-1.024078624901021868e-03,-1.249620232210533902e-03,-1.498016201484575569e-03,-1.767528649980962697e-03,-2.055918050149925774e-03,-2.360504282496060646e-03,-2.678231635567560054e-03,-3.005731660033854162e-03,-3.339378949025811547e-03,-3.675336789117863469e-03,-4.009592001661817576e-03,-4.337980868271061781e-03,-4.656210434230277639e-03,-4.959881318633300486e-03,-5.244519083261091168e-03,-5.505620983442147294e-03,-5.738723461689696284e-03,-5.939493155654750924e-03,-6.103840772382477554e-03,-6.228053386438779301e-03,-6.308937104664628231e-03,-6.343959177523788781e-03,-6.331377026440009048e-03,-6.270341641848022236e-03,-6.160964511425261192e-03,-6.004340534569646733e-03,-5.802523897374981150e-03,-5.558459056194865570e-03,-5.275874123754483933e-03,-4.959148363984571678e-03,-4.613168550019324313e-03,-4.243190153329980639e-03,-3.854718458560240160e-03,-3.453421731939211418e-03,-3.045083744388223448e-03,-2.635596699147048014e-03,-2.230988513346144828e-03,-1.837471089037321812e-03,-1.461489289757254059e-03,-1.109744307943119970e-03,-7.891602712029540962e-04,-5.067593484642411500e-04,-2.694080515530774059e-04,-8.339535111463465111e-05,4.619920089870763191e-05,1.163930631889255633e-04,1.274965494245552770e-04,8.468085180131221983e-05,0.000000000000000000e+00
0.000000000000000000e+00,1.499226211785966827e-06,2.401775533899709608e-06,1.473937788306013785e-06,-2.870209718947505408e-06,-1.255148177263112125e-05,-2.978384850203466837e-05,-5.700874754214271665e-05,-9.680797059202050209e-05,-1.517995839963197694e-04,-2.245229398909525049e-04,-3.173199185636326435e-04,-4.322199948520851691e-04,-5.708364908520375310e-04,-7.342804836545267170e-04,-9.230973644534985235e-04,-1.137229131491607117e-03,-1.376003321051943703e-03,-1.638147241594544237e-03,-1.921824093124912657e-03,-2.224685843189321867e-03,-2.543936590648859797e-03,-2.876399736770566401e-03,-3.218582693083595937e-03,-3.566734089604746156e-03,-3.916890399774850505e-03,-4.264911351019681773e-03,-4.606506124507319180e-03,-4.937254782215861823e-03,-5.252631199258087254e-03,-5.548034679766467372e-03,-5.818837162508191246e-03,-6.060451406667759049e-03,-6.268422907828368092e-03,-6.438544837042446678e-03,-6.566991486282784327e-03,-6.650462100592468596e-03,-6.686324152542376734e-03,-6.672743561906137148e-03,-6.608789415068296036e-03,-6.494502503692551297e-03,-6.330920338355224344e-03,-6.120055818015797573e-03,-5.864831877818845428e-03,-5.568979512248824898e-03,-5.236910879005135175e-03,-4.873582112414533846e-03,-4.484361557087273957e-03,-4.074918134637534051e-03,-3.651141483687741010e-03,-3.219100606211380486e-03,-2.785041448182427621e-03,-2.355416709340147317e-03,-1.936933838674767712e-03,-1.536600217874596781e-03,-1.161738434453040651e-03,-8.199395776419651826e-04,-5.189186845849113770e-04,-2.662335721890180060e-04,-6.882576584189392232e-05,6.766076120601931861e-05,1.398319229967246065e-04,1.478234162980582517e-04,9.697690980613264114e-05,0.000000000000000000e+00
0.000000000000000000e+00,-9.493044663325784453e-07,-3.015057878665578617e-06,-7.473666109317130724e-06,-1.595021272053862038e-05,-3.040047157726763304e-05,-5.306854207697001615e-05,-8.642050078878494147e-05,-1.330565305305141002e-04,-1.956059508568266611e-04,-2.766112159711624067e-04,-3.784080817321026392e-04,-5.030096416024404556e-04,-6.520017299865522517e-04,-8.264563020194369558e-04,-1.026867902590210355e-03,-1.253116374256984210e-03,-1.504456708990815645e-03,-1.779534637966209525e-03,-2.076424407430668955e-03,-2.392683435599832729e-03,-2.725417392143183321e-03,-3.071348849073532623e-03,-3.426883109001423698e-03,-3.788166117256186460e-03,-4.151131389805283282e-03,-4.511535406780784949e-03,-4.864983602268922909e-03,-5.206951535135073868e-03,-5.532807656439807723e-03,-5.837844955289969544e-03,-6.117328442076479592e-03,-6.366563856321783010e-03,-6.580990297265538677e-03,-6.756295988264376419e-03,-6.888552573616351510e-03,-6.974359770917118624e-03,-7.010989432322745768e-03,-6.996516588831712923e-03,-6.929925181087578934e-03,-6.811178010582412748e-03,-6.641243818106499879e-03,-6.422078917449985241e-03,-6.156565903540613116e-03,-5.848416933987380870e-03,-5.502053261776319176e-03,-5.122475470813520580e-03,-4.715139795973913653e-03,-4.285854774121238865e-03,-3.840709291025275370e-03,-3.386038109516690056e-03,-2.928424624089916248e-03,-2.474733448903999704e-03,-2.032158116888840241e-03,-1.608262212938688877e-03,-1.210986125328647033e-03,-8.485865241603906791e-04,-5.294716671598582829e-04,-2.618924208947525419e-04,-5.344591370274091001e-05,8.965483379837864072e-05,1.635972373836292728e-04,1.683317431622477489e-04,1.093540621127466785e-04,0.000000000000000000e+00
0.000000000000000000e+00,-3.656978109609128911e-06,-8.997950887203749867e-06,-1.733651172143797406e-05,-3.032810699586913655e-05,-4.995135590915797001e-05,-7.846523801839409915e-05,-1.183424818498849025e-04,-1.721815448643673665e-04,-2.426015485513429706e-04,-3.321262023454281441e-04,-4.430639229644209786e-04,-5.773918901709532408e-04,-7.366516035228026478e-04,-9.218626214059293892e-04,-1.133459651485776857e-03,-1.371256162836231429e-03,-1.634435396649689060e-03,-1.921567290573791918e-03,-2.230647643425695634e-03,-2.559154070964590657e-03,-2.904112152502766851e-03,-3.262164804371696543e-03,-3.629638424282587063e-03,-4.002600714560900289e-03,-4.376907181476071343e-03,-4.748235877707731104e-03,-5.112112666020351970e-03,-5.463931739229595935e-03,-5.798977937798373977e-03,-6.112458225972092034e-03,-6.399549305226046730e-03,-6.655466712721857733e-03,-6.875558017013071004e-03,-7.055419214234769955e-03,-7.191029625507733107e-03,-7.278897064369949793e-03,-7.316202345410541263e-03,-7.300930814853029416e-03,-7.231978802005940843e-03,-7.109224790703539895e-03,-6.933558516350848619e-03,-6.706865700364080321e-03,-6.431971157015969540e-03,-6.112547870831411614e-03,-5.753003668395980513e-03,-5.358359710938373315e-03,-4.934135794766297128e-03,-4.486256164142247635e-03,-4.020986249975069989e-03,-3.544905705039975291e-03,-3.064916750127510883e-03,-2.588279728566266966e-03,-2.122660477090211259e-03,-1.676167197378087073e-03,-1.257348363840608396e-03,-8.751180437994582340e-04,-5.385708102211185381e-04,-2.566449035631567952e-04,-3.758888425563417564e-05,1.118171219653113892e-04,1.873404402871795774e-04,1.887390948089387455e-04,1.216471058347466292e-04,0.000000000000000000e+00
0.000000000000000000e+00,-6.609011177216444817e-06,-1.551468091105688227e-05,-2.806265442692770131e-05,-4.593043822607150849e-05,-7.110793877542642303e-05,-1.058543076513391169e-04,-1.526313883441936313e-04,-2.140160900359745582e-04,-2.925959778802196022e-04,-3.908540463539282323e-04,-5.110498333657739235e-04,-6.551045886583745353e-04,-8.244980501182009366e-04,-1.020183503592463547e-03,-1.242526280863052958e-03,-1.491268830195526928e-03,-1.765523172045459872e-03,-2.063789163155459096e-03,-2.383994786287514222e-03,-2.723552906160605063e-03,-3.079427801582731213e-03,-3.448204460436086246e-03,-3.826154187163841296e-03,-4.209291496502703955e-03,-4.593419410591603746e-03,-4.974162883850111877e-03,-5.346992803885420101e-03,-5.707245458499872297e-03,-6.050144123769482865e-03,-6.370830187242604303e-03,-6.664410769668054069e-03,-6.926028114557185658e-03,-7.150953235476115860e-03,-7.334702788330002207e-03,-7.473174356589271095e-03,-7.562791865388280264e-03,-7.600650231800589601e-03,-7.584647071776455356e-03,-7.513589601268114496e-03,-7.387266842638882253e-03,-7.206480683618760909e-03,-6.973033816331622968e-03,-6.689677522538624993e-03,-6.360026997580954869e-03,-5.988455757215334872e-03,-5.579983083726190209e-03,-5.140169045147877612e-03,-4.675030184713050568e-03,-4.190985578400869237e-03,-3.694837863300857311e-03,-3.193787485687034876e-03,-2.695471346792573455e-03,-2.208009802534792888e-03,-1.740039108908593380e-03,-1.300700271383179504e-03,-8.995500337020152911e-04,-5.463553732947231453e-04,-2.507290463346560465e-04,-2.155987569407214789e-05,1.338132233171653116e-04,2.107410991748028851e-04,2.087855560699986013e-04,1.337039131218447285e-04,0.000000000000000000e+00
0.000000000000000000e+00,-9.791190254955437882e-06,-2.253431455828500631e-05,-3.960236124983044890e-05,-6.268716838561235664e-05,-9.377903913697536943e-05,-1.351232818526210632e-04,-1.891539634653966666e-04,-2.584071526951939399e-04,-3.454178637828442863e-04,-4.526065723196968796e-04,-5.821623612791530789e-04,-7.359303137774338144e-04,-9.153106135757580353e-04,-1.121175938192889559e-03,-1.353812205785663494e-03,-1.612885710176130243e-03,-1.897437349836209562e-03,-2.205902265734130483e-03,-2.536151006148500489e-03,-2.885546583874055993e-03,-3.251010700513287492e-03,-3.629092142152748335e-03,-4.016030973210848141e-03,-4.407813636164450988e-03,-4.800216252227127584e-03,-5.188836047459646078e-03,-5.569113547159214306e-03,-5.936350588847016246e-03,-6.285730909923919855e-03,-6.612350750141735532e-03,-6.911266380251746000e-03,-7.177563707370424907e-03,-7.406452286943072602e-03,-7.593382543638123316e-03,-7.734181260864446059e-03,-7.825197002673199217e-03,-7.863444628509966977e-03,-7.846736891819708348e-03,-7.773791538262200818e-03,-7.644304368637790635e-03,-7.458982192943548577e-03,-7.219534045477930123e-03,-6.928623869303120013e-03,-6.589792449727252532e-03,-6.207360036005683118e-03,-5.786323296814998261e-03,-5.332260638689408777e-03,-4.851258321888395932e-03,-4.349866304830537524e-03,-3.835087612180289145e-03,-3.314398688518876979e-03,-2.795791197458462937e-03,-2.287818596976474387e-03,-1.799624040924561585e-03,-1.340920060934146403e-03,-9.218852153348039164e-04,-5.529383665898704361e-04,-2.443471367331430475e-04,-5.622817917415919714e-06,1.553512276692610179e-04,2.335178959084361228e-04,2.282421340297812254e-04,1.453901945324709310e-04,0.000000000000000000e+00
0.000000000000000000e+00,-1.319109473510791270e-05,-3.002984223057765542e-05,-5.191227476324079896e-05,-8.053739453519843450e-05,-1.178856855715087836e-04,-1.661753341217675397e-04,-2.277964774576605924e-04,-3.052257321343752666e-04,-4.009251364179094675e-04,-5.172312615341621064e-04,-6.562414032779673428e-04,-8.197043048727783738e-04,-1.008922696150003732e-03,-1.224674054484062909e-03,-1.467154471423773743e-03,-1.735948490358003946e-03,-2.030025467704961104e-03,-2.347760644778953271e-03,-2.686976958128905850e-03,-3.045001913321889776e-03,-3.418732816808183871e-03,-3.804703456226752982e-03,-4.199146006372995836e-03,-4.598043472504041544e-03,-4.997170203605900800e-03,-5.392120644058917556e-03,-5.778329186091776121e-03,-6.151086338806587873e-03,-6.505558057881581299e-03,-6.836815674379435534e-03,-7.139883244577004996e-03,-7.409807311846251972e-03,-7.641751212884990464e-03,-7.831112537244156596e-03,-7.973658656677536788e-03,-8.065671936761650840e-03,-8.104093860621802703e-03,-8.086656254864647841e-03,-8.011988347617559139e-03,-7.879690514789568570e-03,-7.690369051877296580e-03,-7.445630704623195685e-03,-7.148040415463149597e-03,-6.801050142975257826e-03,-6.408910063671350611e-03,-5.976575453916069258e-03,-5.509622732563093997e-03,-5.014186391470078913e-03,-4.496924939674483424e-03,-3.965018822422626370e-03,-3.426196981154819559e-03,-2.888781807959716480e-03,-2.361735233497920441e-03,-1.854682011682352643e-03,-1.377880225982894670e-03,-9.421037473695019135e-04,-5.583967073250750961e-04,-2.376556639521502316e-04,1.000954063754564208e-05,1.761910026216513981e-04,2.554366936250793011e-04,2.469169185251899549e-04,1.565929879990386416e-04,0.000000000000000000e+00
0.000000000000000000e+00,-1.679899089626477109e-05,-3.798010039402941948e-05,-6.495843888994388905e-05,-9.943347777637966557e-05,-1.433662602438610435e-04,-1.989352582094564394e-04,-2.684712664251812314e-04,-3.543735864107303620e-04,-4.590115658529594867e-04,-5.846171135697965284e-04,-7.331749116615111049e-04,-9.063175440469871651e-04,-1.105232568485881679e-03,-1.330587669544794436e-03,-1.582478514787262307e-03,-1.860401940238125013e-03,-2.163254816287041304e-03,-2.489356632577998090e-03,-2.836491746903622296e-03,-3.201965616225556453e-03,-3.582668378741159752e-03,-3.975139031119383042e-03,-4.375624201280100059e-03,-4.780127101850381761e-03,-5.184444493545614825e-03,-5.584192114091071635e-03,-5.974821678788730037e-03,-6.351634838317919522e-03,-6.709801012053903495e-03,-7.044386505313348160e-03,-7.350401605674738124e-03,-7.622870449931056294e-03,-7.856925560275045822e-03,-8.047925438660058842e-03,-8.191589979525569151e-03,-8.284145263904389364e-03,-8.322467050068831085e-03,-8.304211376559933119e-03,-8.227921353862705650e-03,-8.093101423713423836e-03,-7.900253860036763470e-03,-7.650876623327848569e-03,-7.347426275778862204e-03,-6.993253879732454908e-03,-6.592525034538101666e-03,-6.150136968815370433e-03,-5.671645583528898277e-03,-5.163213431318704541e-03,-4.631585925973551003e-03,-4.084097895603045793e-03,-3.528706352473728099e-03,-2.974038547888556167e-03,-2.429437499686964118e-03,-1.904980627987279060e-03,-1.411441171241090793e-03,-9.601567489816464386e-04,-5.627646453006266217e-04,-2.307587441477232208e-04,2.518202246446226041e-05,1.961501271870419016e-04,2.763156652131460280e-04,2.646589873469362784e-04,1.672228673284073563e-04,0.000000000000000000e+00
0.000000000000000000e+00,-2.060827700351427290e-05,-4.637072257403357096e-05,-7.871777867310834529e-05,-1.193430250702575822e-04,-1.701788968080609685e-04,-2.333521305901880346e-04,-3.111194403580716224e-04,-4.057857024484550672e-04,-5.196086544796627016e-04,-6.546955778227993251e-04,-8.128984551150708962e-04,-9.957145280962589710e-04,-1.204198946993657827e-03,-1.438895296356342175e-03,-1.699788276947194598e-03,-1.986280862811964226e-03,-2.297196036933445932e-03,-2.630800975008946389e-03,-2.984849546506673605e-03,-3.356637476318320712e-03,-3.743063662304487761e-03,-4.140691111634680829e-03,-4.545801789267258676e-03,-4.954441303721294175e-03,-5.362451612240247932e-03,-5.765492528707656314e-03,-6.159055405947796297e-03,-6.538474550266585618e-03,-6.898943345650981190e-03,-7.235542437465367072e-03,-7.543286507543015169e-03,-7.817194194724950973e-03,-8.052382792420176641e-03,-8.244185868688178043e-03,-8.388288402447907285e-03,-8.480870953241979870e-03,-8.518752281366460608e-03,-8.499519085030229903e-03,-8.421632305839379939e-03,-8.284501731152001461e-03,-8.088524123680079780e-03,-7.835084377796773872e-03,-7.526523657149094063e-03,-7.166082486772612503e-03,-6.757829776547126868e-03,-6.306590283026793781e-03,-5.817882790350523657e-03,-5.297879229197120614e-03,-4.753391180377031060e-03,-4.191885026568181044e-03,-3.621520845000596872e-03,-3.051203453885312309e-03,-2.490627295094443704e-03,-1.950290423878339036e-03,-1.441447003737587060e-03,-9.759624038041274287e-04,-5.660300939175002145e-04,-2.237046488812737162e-04,3.980026828863327155e-05,2.151068333597976837e-04,2.960277971327127328e-04,2.813602961479325960e-04,1.772150062657900683e-04,0.000000000000000000e+00
0.000000000000000000e+00,-2.461541074255050709e-05,-5.519397136260828030e-05,-9.317780153764702476e-05,-1.402484071126059318e-04,-1.983007390944242483e-04,-2.693982047919432350e-04,-3.557092729246786851e-04,-4.594280021113241429e-04,-5.826824398776754652e-04,-7.274361955346922036e-04,-8.953894101025619513e-04,-1.087885697023662987e-03,-1.305831337540367537e-03,-1.549632085876875062e-03,-1.819151447484757770e-03,-2.113692381269568783e-03,-2.432002239718952102e-03,-2.772298629667671599e-03,-3.132311994320476686e-03,-3.509339315501430745e-03,-3.900302606676384065e-03,-4.301805939069596081e-03,-4.710185651954900202e-03,-5.121550073534049397e-03,-5.531807338363919045e-03,-5.936682448202287334e-03,-6.331727231183139140e-03,-6.712328928896408621e-03,-7.073724431231537442e-03,-7.411027421630212234e-03,-7.719274766484564114e-03,-7.993496430239790951e-03,-8.228810251516045435e-03,-8.420539463360379034e-03,-8.564347378489909485e-03,-8.656380718097735766e-03,-8.693411120054153965e-03,-8.672963767885535219e-03,-8.593422992160719767e-03,-8.454107043948416722e-03,-8.255307740715169679e-03,-7.998294874896639053e-03,-7.685289579193697006e-03,-7.319414655100286299e-03,-6.904632639694178661e-03,-6.445683682176459213e-03,-5.948034873214070109e-03,-5.417850463585988270e-03,-4.861988565957575323e-03,-4.288024760766563116e-03,-3.704296940793997111e-03,-3.119959188526125974e-03,-2.545025915662006526e-03,-1.990381237581418349e-03,-1.467722788807495531e-03,-9.894039050005333080e-04,-5.681331010443015778e-04,-2.164846674148756134e-04,5.383158753172580593e-05,2.330006433877741812e-04,3.145013589402000619e-04,2.969560000179370619e-04,1.865293499432450655e-04,0.000000000000000000e+00
0.000000000000000000e+00,-2.881931362949992026e-05,-6.444744013471055298e-05,-1.083345030556322354e-04,-1.621437913431836991e-04,-2.277240397990847130e-04,-3.070640242814369003e-04,-4.022302786815915325e-04,-5.152903250406251200e-04,-6.482253051091273026e-04,-8.028371309112525799e-04,-9.806560720367002784e-04,-1.182854949111027511e-03,-1.410175746572698251e-03,-1.662873503000436917e-03,-1.940680862826497715e-03,-2.242794820579366820e-03,-2.567885147981616763e-03,-2.914121986842432410e-03,-3.279218348856312304e-03,-3.660482006117052670e-03,-4.054870663229123012e-03,-4.459044487698989381e-03,-4.869411065240426481e-03,-5.282159561371212349e-03,-5.693283122615982843e-03,-6.098591056544502148e-03,-6.493714740816907208e-03,-6.874113157853745971e-03,-7.235085098626624703e-03,-7.571795182506158711e-03,-7.879319796109215956e-03,-8.152716929340978261e-03,-8.387120923793237731e-03,-8.577859740998356602e-03,-8.720588997675068899e-03,-8.811434218149385642e-03,-8.847130977790941889e-03,-8.825152176618989569e-03,-8.743812717116208541e-03,-8.602344273499616667e-03,-8.400936330349741826e-03,-8.140743768786687720e-03,-7.823865421161046302e-03,-7.453301614311399342e-03,-7.032901251403435652e-03,-6.567310046019668793e-03,-6.061930896836304102e-03,-5.522905048645503252e-03,-4.957118783876096786e-03,-4.372235239088290322e-03,-3.776744952424310707e-03,-3.180022360890656565e-03,-2.592369080996905547e-03,-2.025018718933154719e-03,-1.490072309971938146e-03,-1.000328241540649876e-03,-5.689654403876307116e-04,-2.090332899545824415e-04,6.730438524767709367e-05,2.498315954200507755e-04,3.317191013789369970e-04,3.114237825306885935e-04,1.951502175501159970e-04,0.000000000000000000e+00
0.000000000000000000e+00,-3.322031317297810044e-05,-7.413175570846340288e-05,-1.241886855912162965e-04,-1.850299788453270791e-04,-2.584494682514147526e-04,-3.463502006586004558e-04,-4.506834980907633041e-04,-5.733752782564091165e-04,-7.162434534249044818e-04,-8.809113151759674198e-04,-1.068722479894995518e-03,-1.280663112128840311e-03,-1.517296713749404641e-03,-1.778715784976611864e-03,-2.064513211541041653e-03,-2.373774450032523770e-03,-2.705089654088358494e-03,-3.056583018340499995e-03,-3.425955033772198205e-03,-3.810532251622675975e-03,-4.207318708135681859e-03,-4.613043469489600673e-03,-5.024199828429401493e-03,-5.437073433182303996e-03,-5.847758863249140349e-03,-6.252166603688802046e-03,-6.646024668022179616e-03,-7.024880923638985447e-03,-7.384113165572516076e-03,-7.718953941699866275e-03,-8.024535971874052764e-03,-8.295961810083336482e-03,-8.528398427228875076e-03,-8.717194040002495398e-03,-8.858011264384556618e-03,-8.946968030428636628e-03,-8.980776091185497731e-03,-8.956866685079589371e-03,-8.873494067074355618e-03,-8.729810094841944368e-03,-8.525906526889590747e-03,-8.262825690162789449e-03,-7.942544147989335362e-03,-7.567937379888529763e-03,-7.142735775357869805e-03,-6.671483078148424117e-03,-6.159507602674448370e-03,-5.612914075830638741e-03,-5.038600008977349963e-03,-4.444295391229341474e-03,-3.838618617767504057e-03,-3.231135346348175397e-03,-2.632400782526646797e-03,-2.053959989530915707e-03,-1.508275306514039737e-03,-1.008544763447834572e-03,-5.683702438966560262e-04,-2.012286413331735441e-04,8.030719276825096231e-05,2.656589986834208966e-04,3.477169866694205125e-04,3.247827984736314198e-04,2.030856770310425410e-04,0.000000000000000000e+00
0.000000000000000000e+00,-3.781874239029309621e-05,-8.424753998255329521e-05,-1.407410986746878594e-04,-2.089076092566986235e-04,-2.904773425631901936e-04,-3.872567113895921927e-04,-5.010689643838829935e-04,-6.336840224519574207e-04,-7.867411869529751089e-04,-9.616693867362059505e-04,-1.159610157519183832e-03,-1.381348574633277284e-03,-1.627256856601140816e-03,-1.897254350699304794e-03,-2.190786189274621706e-03,-2.506821204220956341e-03,-2.843867882166754932e-03,-3.200005433296785294e-03,-3.572925636203679381e-03,-3.959980197652937517e-03,-4.358228078057640661e-03,-4.764477665694073251e-03,-5.175319835765189100e-03,-5.587149707367483620e-03,-5.996177116954502610e-03,-6.398428182009251695e-03,-6.789742501257548142e-03,-7.165772187029905392e-03,-7.521989754148966124e-03,-7.853711697056533353e-03,-8.156143311329282913e-03,-8.424448059909977332e-03,-8.653841814103280239e-03,-8.839709014065881554e-03,-8.977734670531676425e-03,-9.064043650571155034e-03,-9.095337262405670323e-03,-9.069017040438095978e-03,-8.983286902755186626e-03,-8.837227372555709823e-03,-8.630838995123148866e-03,-8.365055973017935034e-03,-8.041734839056272413e-03,-7.663626145911945492e-03,-7.234339203942639039e-03,-6.758310509749961004e-03,-6.240785512696664199e-03,-5.687820783796539506e-03,-5.106309668534765589e-03,-4.504029440624271116e-03,-3.889702220458943292e-03,-3.273055881141179527e-03,-2.664865178195249124e-03,-2.076947630659141224e-03,-1.522083316930434183e-03,-1.013822616775174931e-03,-5.661407446696440065e-04,-1.928922367719380568e-04,9.298819713253036329e-05,2.806005411453214686e-04,3.625831554315401238e-04,3.370927624733021516e-04,2.103669912746491955e-04,0.000000000000000000e+00
0.000000000000000000e+00,-4.261335783013956292e-05,-9.479197808928311675e-05,-1.579869512755478506e-04,-2.337694914312255109e-04,-3.237977438276929245e-04,-4.297708544384713650e-04,-5.533716377793640277e-04,-6.962003882039346104e-04,-8.597034442624511188e-04,-1.045100896046926957e-03,-1.253318207618295613e-03,-1.484926439502739235e-03,-1.740095181644201079e-03,-2.018561282733493615e-03,-2.319615077465437842e-03,-2.642104203115441721e-03,-2.984453427738427769e-03,-3.344697369953219743e-03,-3.720521762531210988e-03,-4.109308169241416772e-03,-4.508176937450765476e-03,-4.914023726656571722e-03,-5.323546182984958963e-03,-5.733259126488835997e-03,-6.139498784302588330e-03,-6.538418863917501607e-03,-6.925983296302263247e-03,-7.297961964672812496e-03,-7.649936395541101150e-03,-7.977322046184979684e-03,-8.275412436875219380e-03,-8.539448066630647011e-03,-8.764710093212892475e-03,-8.946635550806318615e-03,-9.080947889174651247e-03,-9.163794307655990373e-03,-9.191880106300152203e-03,-9.162590317886380384e-03,-9.074090262150726408e-03,-8.925399220061669067e-03,-8.716434824345435997e-03,-8.448029534741666874e-03,-8.121924181307284274e-03,-7.740746495937214644e-03,-7.307984370812477086e-03,-6.827963977476089047e-03,-6.305841715014975576e-03,-5.747616270845671074e-03,-5.160163073521331981e-03,-4.551288414902978849e-03,-3.929794903406700485e-03,-3.305544062246560874e-03,-2.689496119122056390e-03,-2.093701534818234733e-03,-1.531213614720197073e-03,-1.015886491238548886e-03,-5.620175416461267639e-04,-1.837874574109631988e-04,1.055558611755809482e-04,2.948323014618265021e-04,3.764576071659806508e-04,3.484535461247103205e-04,2.170483405457648862e-04,0.000000000000000000e+00
0.000000000000000000e+00,-4.759975354437737138e-05,-1.057553755576453051e-04,-1.759104009173895525e-04,-2.595928916427883617e-04,-3.583805606965161745e-04,-4.738550992882374852e-04,-6.075471983844639694e-04,-7.608748145066306871e-04,-9.350781316916445627e-04,-1.131155290429157511e-03,-1.349803193006246949e-03,-1.591367497703447681e-03,-1.855805276451791882e-03,-2.142662777650150910e-03,-2.451069400037150271e-03,-2.779747475037498868e-03,-3.127035931363358629e-03,-3.490924548822223195e-03,-3.869094469428361639e-03,-4.258960075220807016e-03,-4.657707376357048470e-03,-5.062324732534970173e-03,-5.469623030363270771e-03,-5.876244246211947617e-03,-6.278659439873214912e-03,-6.673159380826488088e-03,-7.055842898369810504e-03,-7.422609364412954824e-03,-7.769162209710319886e-03,-8.091029885824370035e-03,-8.383609197098323973e-03,-8.642233574588714315e-03,-8.862265930135261593e-03,-9.039212610529407874e-03,-9.168852123277013502e-03,-9.247370166679213382e-03,-9.271491420374816314e-03,-9.238598741957365981e-03,-9.146831888495552537e-03,-8.995160463230966047e-03,-8.783429132773377945e-03,-8.512376805055813997e-03,-8.183634886900508290e-03,-7.799712455184009720e-03,-7.363977765206301818e-03,-6.880645707937907418e-03,-6.354779504220847870e-03,-5.792312149916031827e-03,-5.200089114494899425e-03,-4.585928870071473602e-03,-3.958692364005532947e-03,-3.328346907540668306e-03,-2.706004418429406276e-03,-2.103908678897663167e-03,-1.535341239557289333e-03,-1.014410630472634915e-03,-5.556842894501817873e-04,-1.736166128929288177e-04,1.182807892548250282e-04,3.085898261673920492e-04,3.895327432828442869e-04,3.590054017777147451e-04,2.232068894224244811e-04,0.000000000000000000e+00
0.000000000000000000e+00,-5.276893524340728879e-05,-1.171180582450609544e-04,-1.944795783398962159e-04,-2.863325457477975213e-04,-3.941664267290872809e-04,-5.194359659060263350e-04,-6.635089574316141783e-04,-8.276094443042958122e-04,-1.012759596519140952e-03,-1.219723974466474341e-03,-1.448959982851941424e-03,-1.700578021928566934e-03,-1.974314153103883321e-03,-2.269517067182575450e-03,-2.585149868480002451e-03,-2.919805791974601061e-03,-3.271735600929540945e-03,-3.638883226779755006e-03,-4.018925365682997353e-03,-4.409310370719341995e-03,-4.807291969783340432e-03,-5.209954133079457324e-03,-5.614224773461122531e-03,-6.016877768539988930e-03,-6.414524847642742028e-03,-6.803600928949450274e-03,-7.180348229427487884e-03,-7.540805617325508671e-03,-7.880810003131961949e-03,-8.196015937985670977e-03,-8.481938009431796988e-03,-8.734018242332233783e-03,-8.947717816037707023e-03,-9.118629390119767711e-03,-9.242603629711848914e-03,-9.315881554912606999e-03,-9.335223431430677773e-03,-9.298025247224839251e-03,-9.202415375897813124e-03,-9.047326620628371244e-03,-8.832542112674255860e-03,-8.558717048378445755e-03,-8.227381488104723931e-03,-7.840931936140401945e-03,-7.402620787944267505e-03,-6.916552722369112734e-03,-6.387695646976247407e-03,-5.821910955275886625e-03,-5.226003850519334547e-03,-4.607789656819337790e-03,-3.976166741377519867e-03,-3.341181252749029530e-03,-2.714063592244270618e-03,-2.107211493509864378e-03,-1.534089737504353576e-03,-1.009011655534027430e-03,-5.467623011386161126e-04,-1.620170172414105332e-04,1.314984726089830566e-04,3.221699663958829934e-04,4.020545297868437316e-04,3.689296388850185019e-04,2.289431032885669423e-04,0.000000000000000000e+00
0.000000000000000000e+00,-5.810617671212711812e-05,-1.288478775601666190e-04,-2.136425610793682406e-04,-3.139149596444601865e-04,-4.310592540132789649e-04,-5.663947499084283355e-04,-7.211167833367595516e-04,-8.962453047704046008e-04,-1.092574146355310052e-03,-1.310624268338680953e-03,-1.550604245779602965e-03,-1.812380867319382484e-03,-2.095461989811331707e-03,-2.398992782359389477e-03,-2.721765292418053869e-03,-3.062239993786252529e-03,-3.418576767933566990e-03,-3.788671769230697334e-03,-4.170195968251596760e-03,-4.560630970764961017e-03,-4.957298049996929079e-03,-5.357377227182794251e-03,-5.757914642046250628e-03,-6.155818246698066890e-03,-6.547843837903800403e-03,-6.930575362853741428e-03,-7.300405015233935035e-03,-7.653519616861131740e-03,-7.985899947219966821e-03,-8.293338928952394967e-03,-8.571482921009307074e-03,-8.815897973909787508e-03,-9.022160054944959595e-03,-9.185965341052490865e-03,-9.303254126972922144e-03,-9.370340099676698759e-03,-9.384035984128369715e-03,-9.341767018866719771e-03,-9.241665344320386041e-03,-9.082640977483199748e-03,-8.864428250876483367e-03,-8.587609961826380214e-03,-8.253624526862983132e-03,-7.864763715538510697e-03,-7.424169690728045501e-03,-6.935839887909538495e-03,-6.404646663817178259e-03,-5.836375735249016601e-03,-5.237783447720334960e-03,-4.616668187731934152e-03,-3.981946138400138668e-03,-3.343716396320414036e-03,-2.713295439713178311e-03,-2.103196141132272420e-03,-1.527021860972530400e-03,-9.992413836888839381e-04,-5.348051700521415982e-04,-1.485570990989787052e-04,1.456119915344026780e-04,3.359326680962046018e-04,4.143236156863329411e-04,3.784492643994204295e-04,2.343810437162705440e-04,0.000000000000000000e+00
0.000000000000000000e+00,-6.359021447871722260e-05,-1.408984405601862379e-04,-2.333244819148989142e-04,-3.422342468314213673e-04,-4.689206637934300020e-04,-6.145604276486750419e-04,-7.801683823969883438e-04,-9.665518843066996536e-04,-1.174267859606289467e-03,-1.403585399651658717e-03,-1.654456573982325540e-03,-1.926497673211177448e-03,-2.218982342016360965e-03,-2.530847085979615919e-03,-2.860708522949865704e-03,-3.206890610661481018e-03,-3.567459041774826041e-03,-3.940259183222098727e-03,-4.322953468372182223e-03,-4.713054125434673440e-03,-5.107947603296851546e-03,-5.504908043436682399e-03,-5.901098586077343361e-03,-6.293561063417525171e-03,-6.679196531077973356e-03,-7.054740881001806546e-03,-7.416741204518986080e-03,-7.761539389177967221e-03,-8.085269451221885340e-03,-8.383874238027923254e-03,-8.653145417234692216e-03,-8.888788272381070721e-03,-9.086510041059786547e-03,-9.242127737966267242e-03,-9.351689007820697050e-03,-9.411597921604885134e-03,-9.418737034521500184e-03,-9.370577589180249453e-03,-9.265271425028899499e-03,-9.101720729407240112e-03,-8.879624883390134504e-03,-8.599506876104501263e-03,-8.262724618716450406e-03,-7.871474557032380123e-03,-7.428795928401698591e-03,-6.938583640047441166e-03,-6.405616025532497385e-03,-5.835600782163850864e-03,-5.235238451329336448e-03,-4.612298203302083420e-03,-3.975695773935204562e-03,-3.335558470937311469e-03,-2.703257411868194206e-03,-2.091382613118275904e-03,-1.513632087797686220e-03,-9.845814385471920484e-04,-5.192951272441639031e-04,-1.327341612239840533e-04,1.610931907292183999e-04,3.503014024856226493e-04,4.266953144211121322e-04,3.878287775836740999e-04,2.396681923148544810e-04,0.000000000000000000e+00
0.000000000000000000e+00,-6.919275418118187222e-05,-1.532080058220582769e-04,-2.534256734866101703e-04,-3.711493563466592999e-04,-5.075661091313321029e-04,-6.637044655700434417e-04,-8.403925729160074140e-04,-1.038218642211212201e-03,-1.257496100879522708e-03,-1.498235800275793872e-03,-1.760127347561206597e-03,-2.042531094910662003e-03,-2.344481557762793239e-03,-2.664702105683070064e-03,-3.001629757304303484e-03,-3.353447915602232772e-03,-3.718124012440540086e-03,-4.093448403891203000e-03,-4.477070572539696737e-03,-4.866528829624116106e-03,-5.259270312032970560e-03,-5.652659131179436219e-03,-6.043971987678017042e-03,-6.430382289815053144e-03,-6.808935619584653015e-03,-7.176521050179409181e-03,-7.529844090395551234e-03,-7.865407691044113900e-03,-8.179507631246090912e-03,-8.468247638202404046e-03,-8.727577832637920668e-03,-8.953357711396695354e-03,-9.141442169404927209e-03,-9.287786391975640446e-03,-9.388563202852305209e-03,-9.440284979519590614e-03,-9.439921790587744999e-03,-9.385008071318831288e-03,-9.273731868080177521e-03,-9.105003226749485909e-03,-8.878501321539415334e-03,-8.594702988794760551e-03,-8.254897996913753561e-03,-7.861198244732199580e-03,-7.416548830755475934e-03,-6.924748405784214925e-03,-6.390484398154596193e-03,-5.819385720026890377e-03,-5.218091681214189446e-03,-4.594331380704780310e-03,-3.957003149168723116e-03,-3.316238952660759739e-03,-2.683434194864363527e-03,-2.071219071965702506e-03,-1.493343370124963288e-03,-9.644420249370854164e-04,-4.996434416786618791e-04,-1.139759917946686282e-04,1.784802799547360007e-04,3.657604070992429013e-04,4.395769154367300084e-04,3.973719781401952381e-04,2.449741665148159496e-04,0.000000000000000000e+00
0.000000000000000000e+00,-7.487816921128120072e-05,-1.656987844745575096e-04,-2.738204280721729007e-04,-4.004820939067113106e-04,-5.467619043716426697e-04,-7.135365525188086663e-04,-9.014433707680474849e-04,-1.110847066487446501e-03,-1.341813154427221304e-03,-1.594089920501913765e-03,-1.867100353315962651e-03,-2.159944885512808492e-03,-2.471415028529810702e-03,-2.800017117556217062e-03,-3.144004483919107633e-03,-3.501415529113064903e-03,-3.870114484619872897e-03,-4.247831199881087899e-03,-4.632196191975315736e-03,-5.020767477535658350e-03,-5.411046419132157018e-03,-5.800480938415593715e-03,-6.186455906862398969e-03,-6.566272195696070194e-03,-6.937117572061290288e-03,-7.296034155158798856e-03,-7.639888268842997404e-03,-7.965349042754286263e-03,-8.268881877176028489e-03,-8.546761844070880840e-03,-8.795110309709572305e-03,-9.009955715124216835e-03,-9.187316826200185582e-03,-9.323304220041968293e-03,-9.414233677137633441e-03,-9.456743822973848884e-03,-9.447910030121553157e-03,-9.385347332880900409e-03,-9.267296842569812051e-03,-9.092692652402697279e-03,-8.861209136987693857e-03,-8.573291463131954906e-03,-8.230174605470506888e-03,-7.833897820989487587e-03,-7.387322100027945981e-03,-6.894157434020015823e-03,-6.359004830774742101e-03,-5.787415019337715204e-03,-5.185961983328464010e-03,-4.562325168840442383e-03,-3.925369750472246580e-03,-3.285209955662362485e-03,-2.653236265051532160e-03,-2.042083285194021703e-03,-1.465511020887260525e-03,-9.381678010517311914e-04,-4.751977721596969788e-04,-9.164915071051076521e-05,1.983692007129797628e-04,3.828463378222864751e-04,4.534203009835253810e-04,4.074162729530397993e-04,2.504874799857049659e-04,0.000000000000000000e+00
0.000000000000000000e+00,-8.060316857728258631e-05,-1.782761598177233986e-04,-2.943555871916208981e-04,-4.300148241665338947e-04,-5.862217031870357777e-04,-7.636994403735907367e-04,-9.628927138712340674e-04,-1.183940755682107897e-03,-1.426659112467195973e-03,-1.690531375314089377e-03,-1.974711670516302725e-03,-2.278038059113957244e-03,-2.599056247123717085e-03,-2.936052213275179394e-03,-3.287091583149891021e-03,-3.650062894126985050e-03,-4.022721384909094117e-03,-4.402729684456685097e-03,-4.787691834855390717e-03,-5.175177507456659581e-03,-5.562734077245653184e-03,-5.947885381982155086e-03,-6.328117437748581597e-03,-6.700852988671386276e-03,-7.063418368200929942e-03,-7.413007543591683055e-03,-7.746649197126284463e-03,-8.061183082849476822e-03,-8.353251558748889943e-03,-8.619311092402392321e-03,-8.855666743476679412e-03,-9.058530323041016213e-03,-9.224100398402467968e-03,-9.348659894345207749e-03,-9.428685087299548684e-03,-9.460958599530906038e-03,-9.442678776522701531e-03,-9.371558634885746725e-03,-9.245909309768665651e-03,-9.064705375661888040e-03,-8.827632217013147223e-03,-8.535118377113537838e-03,-8.188358102660345250e-03,-7.789330768072918326e-03,-7.340824251814408001e-03,-6.846468527286042605e-03,-6.310783753564915693e-03,-5.739244174951144833e-03,-5.138355434903417798e-03,-4.515738800231936315e-03,-3.880211579275488418e-03,-3.241848924738651837e-03,-2.612008324154395031e-03,-2.003294319718492214e-03,-1.429437119506869226e-03,-9.050543793897984114e-04,-4.452600721623323730e-04,-6.507750189909148816e-05,2.213953393572450946e-04,4.021312080523073863e-04,4.687072086514512161e-04,4.183214802253423835e-04,2.564092244246283809e-04,0.000000000000000000e+00
0.000000000000000000e+00,-8.631608279395102138e-05,-1.908270578254318557e-04,-3.148477176877743791e-04,-4.594860852186992287e-04,-6.256000924917586373e-04,-8.137599710558926502e-04,-1.024218302153724050e-03,-1.256889399907180904e-03,-1.511339302785057659e-03,-1.786787135467001516e-03,-2.082117989525514128e-03,-2.395906782842660652e-03,-2.726451831397841159e-03,-3.071816150643364753e-03,-3.429873853353804236e-03,-3.798358488372304345e-03,-4.174909833335474496e-03,-4.557115573705332844e-03,-4.942544519346494733e-03,-5.328768559291464924e-03,-5.713371439230849683e-03,-6.093943633519099262e-03,-6.468064001494158895e-03,-6.833270450302268359e-03,-7.187023317163874006e-03,-7.526666449799882669e-03,-7.849391815254642274e-03,-8.152213738043343622e-03,-8.431958446768587218e-03,-8.685273466762174349e-03,-8.908659611316647672e-03,-9.098526078903277151e-03,-9.251266731695141285e-03,-9.363353339107248832e-03,-9.431439750636488525e-03,-9.452469896259332177e-03,-9.423782381385605728e-03,-9.343205293928187605e-03,-9.209136573232154163e-03,-9.020607667776422631e-03,-8.777330890139130662e-03,-8.479733467725042440e-03,-8.128983391543909490e-03,-7.727013445872145218e-03,-7.276550026965767845e-03,-6.781152433621193132e-03,-6.245266287175685327e-03,-5.674291796390277219e-03,-5.074664000537168831e-03,-4.453938216342811021e-03,-3.820869966734927528e-03,-3.185474874105403281e-03,-2.559050408174872154e-03,-1.954137871816163420e-03,-1.384399308787072650e-03,-8.643797169885949865e-04,-4.091195620578962078e-04,-3.357559726814823148e-05,2.482010827209986479e-04,4.241924369764611940e-04,4.859235437384881295e-04,4.304504054414156570e-04,2.629421365023539123e-04,0.000000000000000000e+00
0.000000000000000000e+00,-9.195522853619456289e-05,-2.032162861598446136e-04,-3.350769498835148505e-04,-4.885813589937503931e-04,-6.644796365122081130e-04,-8.631916524137748289e-04,-1.084780897678148427e-03,-1.328939958423548543e-03,-1.594988491873872019e-03,-1.881883938479401823e-03,-2.188244488654945714e-03,-2.512383093633759577e-03,-2.852350606999927776e-03,-3.205985509166841239e-03,-3.570967146631769638e-03,-3.944869057567641779e-03,-4.325208800280355530e-03,-4.709490791689333218e-03,-5.095239030433125309e-03,-5.480017239436265307e-03,-5.861434909710294509e-03,-6.237138925529362929e-03,-6.604791830520973656e-03,-6.962039246404212733e-03,-7.306470337931995560e-03,-7.635576361670564846e-03,-7.946713070311799132e-03,-8.237072917842369613e-03,-8.503672525802754081e-03,-8.743359708681857148e-03,-8.952842596951943524e-03,-9.128741219678326857e-03,-9.267659579305833478e-03,-9.366274082392996025e-03,-9.421432495962800760e-03,-9.430256642467138226e-03,-9.390241991422864504e-03,-9.299348186366565225e-03,-9.156076254051355445e-03,-8.959530541207667495e-03,-8.709465978232392228e-03,-8.406323695577023331e-03,-8.051259940971000617e-03,-7.646174349076421788e-03,-7.193743691731424583e-03,-6.697466214264656374e-03,-6.161719611679816570e-03,-5.591832813104013512e-03,-4.994168303365598485e-03,-4.376208022369385345e-03,-3.746632210888146096e-03,-3.115377077569608192e-03,-2.493653860510170253e-03,-1.893908594995914220e-03,-1.329698368398284786e-03,-8.154556163338915614e-04,-3.661065978254928258e-04,3.496922546670101078e-06,2.793830316367644073e-04,4.495641650635190129e-04,5.055176495867602822e-04,4.441372973821433720e-04,2.702728460005091255e-04,0.000000000000000000e+00
0.000000000000000000e+00,-9.744549592043914030e-05,-2.152789593394203841e-04,-3.547744001381579340e-04,-5.169145618175903251e-04,-7.023454258903666456e-04,-9.113411930069012339e-04,-1.143781733904574447e-03,-1.399143827010104106e-03,-1.676506728837458618e-03,-1.974571806821584855e-03,-2.291695149820856953e-03,-2.625931304335481047e-03,-2.975085605980201491e-03,-3.336772023526325855e-03,-3.708473040789697899e-03,-4.087597900039529990e-03,-4.471535545654339860e-03,-4.857698859442628747e-03,-5.243557282784612819e-03,-5.626655677588786666e-03,-6.004618273455565244e-03,-6.375137745063761026e-03,-6.735950795567342136e-03,-7.084802990314457462e-03,-7.419406861157368423e-03,-7.737398333556165693e-03,-8.036297160339779186e-03,-8.313477141189205832e-03,-8.566151378215413129e-03,-8.791376653278053233e-03,-8.986079292532310123e-03,-9.147102783702279125e-03,-9.271275186160894688e-03,-9.355492322382932824e-03,-9.396811159612234593e-03,-9.392546928612788976e-03,-9.340367531476738081e-03,-9.238379685202099609e-03,-9.085202918384105431e-03,-8.880029747753993494e-03,-8.622672782059278077e-03,-8.313601763009827519e-03,-7.953975298941106525e-03,-7.545672983827449859e-03,-7.091333537895310769e-03,-6.594403506177516118e-03,-6.059198995818197014e-03,-5.490980127136621883e-03,-4.896034596846711440e-03,-4.281763298141506337e-03,-3.656757553571871999e-03,-3.030854323559430911e-03,-2.415152734995080694e-03,-1.821972244815442919e-03,-1.264729378517969165e-03,-7.577058218528602996e-04,-3.156752013195869393e-04,4.665132727113639050e-05,3.154100045545539088e-04,4.786612898631118287e-04,5.278349832370460640e-04,4.596383597638658940e-04,2.785439899627288910e-04,0.000000000000000000e+00
0.000000000000000000e+00,-1.026917362878708521e-04,-2.268058773438828813e-04,-3.735980398424492690e-04,-5.439928185447639574e-04,-7.385371122296208266e-04,-9.573661252838768822e-04,-1.200184068046330696e-03,-1.466260717957151676e-03,-1.754444059662404326e-03,-2.063188263998171935e-03,-2.390595357179712156e-03,-2.734468127615417680e-03,-3.092371162704151376e-03,-3.461696434703507783e-03,-3.839729585959793766e-03,-4.223713013509482195e-03,-4.610902028447054664e-03,-4.998610768062477887e-03,-5.384245164754093357e-03,-5.765321114375121687e-03,-6.139467016655779201e-03,-6.504411044187190238e-03,-6.857954774218020730e-03,-7.197936101959385644e-03,-7.522185530245752497e-03,-7.828480862285483108e-03,-8.114505870238285234e-03,-8.377818548393626066e-03,-8.615834006649197852e-03,-8.825825909324274549e-03,-9.004948695389456553e-03,-9.150280798441903091e-03,-9.258886962307713575e-03,-9.327895806944867807e-03,-9.354587322181964412e-03,-9.336484184745225123e-03,-9.271440843238601057e-03,-9.157725209377184233e-03,-8.994089413757547571e-03,-8.779828195388136164e-03,-8.514825776859788475e-03,-8.199594175686712727e-03,-7.835307478315465049e-03,-7.423837386167930937e-03,-6.967795171393406997e-03,-6.470584024407631009e-03,-5.936463739254987416e-03,-5.370626979029802413e-03,-4.779283268374454226e-03,-4.169743652755597899e-03,-3.550495862201850147e-03,-2.931256919746583721e-03,-2.322987387548820174e-03,-1.737848631101456855e-03,-1.189081249216819526e-03,-6.907787145982921800e-04,-2.575248065114748696e-04,9.614388558897967590e-05,3.564986823343409533e-04,5.116632698658122973e-04,5.530175845116966880e-04,4.770552806973370023e-04,2.878110220682667691e-04,0.000000000000000000e+00
0.000000000000000000e+00,-1.075665115710493225e-04,-2.375164797709471533e-04,-3.910881762193660241e-04,-5.691517047054525744e-04,-7.721611133153130201e-04,-1.000121203490738665e-03,-1.252571095272950619e-03,-1.528585577661541704e-03,-1.826794169418697895e-03,-2.145416725784630996e-03,-2.482313429705182775e-03,-2.835046167244837691e-03,-3.200947653078273746e-03,-3.577194272108166415e-03,-3.960878449240544212e-03,-4.349076449297263787e-03,-4.738907831349215699e-03,-5.127583319070929194e-03,-5.512438580915510720e-03,-5.890952318833900768e-03,-6.260748115517682233e-03,-6.619580651876112026e-03,-6.965308126315203872e-03,-7.295853910129590329e-03,-7.609161558340768287e-03,-7.903148141244596345e-03,-8.175661340092014312e-03,-8.424445746465896931e-03,-8.647123245681009873e-03,-8.841191242790532451e-03,-9.004040881764912435e-03,-9.132995476539460325e-03,-9.225367350655513249e-03,-9.278529443416708503e-03,-9.289996653932961618e-03,-9.257511177738934199e-03,-9.179126168683222897e-03,-9.053282936789702404e-03,-8.878878449872869630e-03,-8.655321910549225103e-03,-8.382581321019136680e-03,-8.061222884964500818e-03,-7.692447510017871512e-03,-7.278129317174263785e-03,-6.820860795803526146e-03,-6.324008054266129671e-03,-5.791777623009248047e-03,-5.229293686407919528e-03,-4.642681721679382985e-03,-4.039151570382753555e-03,-3.427070151923167565e-03,-2.816011417463910003e-03,-2.216768651475367613e-03,-1.641311616142823292e-03,-1.102667930977024955e-03,-6.147040331638908926e-04,-1.917755914973133004e-04,1.517901144577179975e-04,4.024270000496667742e-04,5.483376315074867981e-04,5.808500759099041733e-04,4.962174306182039326e-04,2.979754645283524896e-04,0.000000000000000000e+00
0.000000000000000000e+00,-1.118879648011078694e-04,-2.470100214333706846e-04,-4.065871679164800119e-04,-5.914386299565710771e-04,-8.019327886837696517e-04,-1.037954602874353524e-03,-1.298891624861246881e-03,-1.583639529114600625e-03,-1.890626826597899355e-03,-2.217857230012920330e-03,-2.562967058355685064e-03,-2.923294198209095297e-03,-3.295954524339392462e-03,-3.677921348592609434e-03,-4.066103415581118728e-03,-4.457417179193213196e-03,-4.848849546074669552e-03,-5.237507925811419468e-03,-5.620655247586201983e-03,-5.995728557700417613e-03,-6.360340871811673118e-03,-6.712267087332315918e-03,-7.049415921457851709e-03,-7.369790965855623974e-03,-7.671444953434266786e-03,-7.952432107793092758e-03,-8.210763874273918281e-03,-8.444373306304982923e-03,-8.651092832083253845e-03,-8.828649046841580139e-03,-8.974676636823039622e-03,-9.086751697419660767e-03,-9.162442783296489979e-03,-9.199376284090027972e-03,-9.195311411934562265e-03,-9.148219422204320952e-03,-9.056361781307704917e-03,-8.918362844062494368e-03,-8.733274085844011658e-03,-8.500628823613619670e-03,-8.220488355882646023e-03,-7.893482230125949822e-03,-7.520846608054029304e-03,-7.104465217872889780e-03,-6.646917039510887200e-03,-6.151533670285753812e-03,-5.622467391181367596e-03,-5.064768515842312316e-03,-4.484467916558369793e-03,-3.888657927384590353e-03,-3.285562289388367120e-03,-2.684583465697520412e-03,-2.096313401942202434e-03,-1.532491380041941902e-03,-1.005889630727083237e-03,-5.301033821180592843e-04,-1.192165585750658719e-04,2.126930384700820645e-04,4.522549307310679782e-04,5.877717516506980166e-04,6.105231236614983275e-04,5.164996619753489020e-04,3.086812648773474806e-04,0.000000000000000000e+00
0.000000000000000000e+00,-1.153804325586801688e-04,-2.546786892815100598e-04,-4.190966069634285605e-04,-6.094054841848893771e-04,-8.258959748382254350e-04,-1.068345992414910942e-03,-1.336008762549944053e-03,-1.627621854988908767e-03,-1.941436660136246391e-03,-2.275266467220217123e-03,-2.626550156749114621e-03,-2.992427622281561977e-03,-3.369822439103726218e-03,-3.755527022135757460e-03,-4.146285554808246641e-03,-4.538870293813119204e-03,-4.930147415734525973e-03,-5.317129319535854673e-03,-5.697011185828963417e-03,-6.067190580138819879e-03,-6.425269941675627178e-03,-6.769042893159104256e-03,-7.096466406554700554e-03,-7.405621913488117866e-03,-7.694669383882892823e-03,-7.961799115768794163e-03,-8.205186374664510951e-03,-8.422953991209425686e-03,-8.613147502527781357e-03,-8.773726396300980668e-03,-8.902573553213046983e-03,-8.997523230151658474e-03,-9.056406096876547934e-03,-9.077108182843620851e-03,-9.057639353177422345e-03,-8.996206307905766503e-03,-8.891285192499159482e-03,-8.741689714417711157e-03,-8.546632057721291476e-03,-8.305775654409097708e-03,-8.019280720080946417e-03,-7.687845085508765441e-03,-7.312743976137796482e-03,-6.895872802953249836e-03,-6.439796630959485416e-03,-5.947808806474247367e-03,-5.423999384946250751e-03,-4.873331722778418557e-03,-4.301723128631953531e-03,-3.716123034787115025e-03,-3.124579886461686766e-03,-2.536285868235681369e-03,-1.961586556277895681e-03,-1.411940327750589022e-03,-8.998094920917804138e-04,-4.384611902384621517e-04,-4.165068399356042228e-05,2.768476957391568117e-04,5.039063304276278962e-04,6.279634985705245375e-04,6.402678419334909433e-04,5.365384116563709158e-04,3.191525696378766461e-04,0.000000000000000000e+00
0.000000000000000000e+00,-1.176050284263174350e-04,-2.595544840593668108e-04,-4.270256347927563222e-04,-6.207432459507667951e-04,-8.409287961466712768e-04,-1.087268856899347011e-03,-1.358904800584002492e-03,-1.654444598544565831e-03,-1.971996013681149261e-03,-2.309219107888812409e-03,-2.663394790318455996e-03,-3.031505217511877744e-03,-3.410321276989074051e-03,-3.796492160835562152e-03,-4.186632149612640880e-03,-4.577400136380594883e-03,-4.965568065915691373e-03,-5.348075280842435990e-03,-5.722066696176170142e-03,-6.084913721547255058e-03,-6.434217884943339849e-03,-6.767798160261053776e-03,-7.083664038242972090e-03,-7.379977367368287938e-03,-7.655006866003013881e-03,-7.907079883526731828e-03,-8.134536364999615105e-03,-8.335689953816087169e-03,-8.508800681682795672e-03,-8.652062732259683739e-03,-8.763609384547659670e-03,-8.841535583196214604e-03,-8.883936848828429683e-03,-8.888961670925602312e-03,-8.854873351768398348e-03,-8.780116676175099555e-03,-8.663384866237796439e-03,-8.503683033162474231e-03,-8.300385639663010462e-03,-8.053287123055745400e-03,-7.762646528553835898e-03,-7.429228475735637043e-03,-7.054343771074391214e-03,-6.639893300812346397e-03,-6.188418408963094509e-03,-5.703159816883108212e-03,-5.188125410379368536e-03,-4.648165117591912011e-03,-4.089048860097579605e-03,-3.517541381938413952e-03,-2.941465760495915686e-03,-2.369745567098547299e-03,-1.812413820592917533e-03,-1.280574780802719607e-03,-7.863018818787951333e-04,-3.424512790821331813e-04,3.763485653073385742e-05,3.405684153430681756e-04,5.535414432448141752e-04,6.651930048493627859e-04,6.667865453162094471e-04,5.537856229056686667e-04,3.279375382639200228e-04,0.000000000000000000e+00
0.000000000000000000e+00,-1.178382632944811263e-04,-2.600414717321145519e-04,-4.277508094268821443e-04,-6.216429449852127432e-04,-8.418792696808473364e-04,-1.088074959937442975e-03,-1.359290028960098186e-03,-1.654043071994208995e-03,-1.970346899228626013e-03,-2.305763824554241462e-03,-2.657477159899437544e-03,-3.022374548241091828e-03,-3.397138210840551249e-03,-3.778337001960160868e-03,-4.162515334865305935e-03,-4.546274513487806417e-03,-4.926342703965845907e-03,-5.299630634939439186e-03,-5.663271059624577948e-03,-6.014640998228138954e-03,-6.351366776673607155e-03,-6.671312869896257880e-03,-6.972556529067624326e-03,-7.253351093405213147e-03,-7.512081707119266233e-03,-7.747217803268187895e-03,-7.957267083807575969e-03,-8.140735724602471413e-03,-8.296099097418708004e-03,-8.421786411701045333e-03,-8.516181391703190121e-03,-8.577639549042023401e-03,-8.604520979495277472e-03,-8.595236132087619510e-03,-8.548300888512404272e-03,-8.462396724270127013e-03,-8.336431789740895992e-03,-8.169599437571463049e-03,-7.961431916444945689e-03,-7.711848448467339100e-03,-7.421198452265736524e-03,-7.090301998680900372e-03,-6.720490454844884817e-03,-6.313650520488088905e-03,-5.872274420344608323e-03,-5.399517928620882826e-03,-4.899266301731573965e-03,-4.376206284086812774e-03,-3.835900345271212389e-03,-3.284857383959071103e-03,-2.730592384715227992e-03,-2.181665906587629787e-03,-1.647692652406602346e-03,-1.139306431687323561e-03,-6.680662201342425777e-04,-2.462843261861790214e-04,1.132475083857791345e-04,3.976652991564979221e-04,5.946137832067430792e-04,6.930533990178793999e-04,6.843600692719939167e-04,5.638021987678463326e-04,3.325003516368770645e-04,0.000000000000000000e+00
0.000000000000000000e+00,-1.148613203369511487e-04,-2.534509210389276424e-04,-4.168518713526292484e-04,-6.056858932373082420e-04,-8.200638917059695871e-04,-1.059556262192449302e-03,-1.323185088034639200e-03,-1.609438877232322734e-03,-1.916308979150104994e-03,-2.241345403707478961e-03,-2.581728562297091849e-03,-2.934352556693431251e-03,-3.295915116076304774e-03,-3.663009136382369864e-03,-4.032210983257974654e-03,-4.400161220872193454e-03,-4.763634146544125023e-03,-5.119593365718393477e-03,-5.465231564813158999e-03,-5.797993582647644091e-03,-6.115582818062717876e-03,-6.415951930892172840e-03,-6.697279687538511793e-03,-6.957936651502539052e-03,-7.196443180793605197e-03,-7.411423799028754936e-03,-7.601562366453007771e-03,-7.765562500511599339e-03,-7.902117315464871408e-03,-8.009891747852115190e-03,-8.087519557264969891e-03,-8.133615659404959744e-03,-8.146802939791725207e-03,-8.125751322508254978e-03,-8.069225833737241754e-03,-7.976139863922943746e-03,-7.845609877151661984e-03,-7.677008428497875125e-03,-7.470013420892086115e-03,-7.224652875377258338e-03,-6.941345867620104040e-03,-6.620941455629384895e-03,-6.264758176888833921e-03,-5.874626882663909824e-03,-5.452939249212872957e-03,-5.002703304521388845e-03,-4.527605865726607240e-03,-4.032080082471706933e-03,-3.521374520752918076e-03,-3.001618555292230334e-03,-2.479877335129780386e-03,-1.964188200984327663e-03,-1.463568996055421897e-03,-9.879869503407892953e-04,-5.482743850657651515e-04,-1.559739983134609837e-04,1.769084211700963378e-04,4.382726961302068312e-04,6.164520027847951531e-04,7.009484267516111113e-04,6.834388992828924810e-04,5.591308033111381170e-04,3.285665333475796678e-04,0.000000000000000000e+00
0.000000000000000000e+00,-1.065967238289133862e-04,-2.351997303739716523e-04,-3.867937942609996028e-04,-5.619295173180759292e-04,-7.606773710890266625e-04,-9.826003933693845151e-04,-1.226747506964604448e-03,-1.491668041690233110e-03,-1.775446616890774109e-03,-2.075756207075105976e-03,-2.389926086537050211e-03,-2.715020520918705587e-03,-3.047923597423706984e-03,-3.385425471363283974e-03,-3.724305525652955862e-03,-4.061408431579213198e-03,-4.393709786239001838e-03,-4.718368805617902811e-03,-5.032766405891509788e-03,-5.334527864142724757e-03,-5.621530091017822202e-03,-5.891894366038167609e-03,-6.143966179536811470e-03,-6.376284581280190940e-03,-6.587544120492539422e-03,-6.776553014765190203e-03,-6.942191525789079276e-03,-7.083374564132796820e-03,-7.199022229387940300e-03,-7.288041295644633218e-03,-7.349319616125202063e-03,-7.381734150971561680e-03,-7.384171978881365860e-03,-7.355562425360214450e-03,-7.294917510823123973e-03,-7.201377432384850272e-03,-7.074257815959878251e-03,-6.913095997224665001e-03,-6.717694513559509771e-03,-6.488161148123103295e-03,-6.224946054684391862e-03,-5.928877494501160438e-03,-5.601198350719044025e-03,-5.243605728328724729e-03,-4.858295556607300503e-03,-4.448013230757731293e-03,-4.016110079359237750e-03,-3.566603989266758576e-03,-3.104241029547483155e-03,-2.634553520489847818e-03,-2.163908742981746416e-03,-1.699541324627148672e-03,-1.249561111619234633e-03,-8.229267880910256811e-04,-4.293733247249899906e-04,-7.927818719319834270e-05,2.165532211081194151e-04,4.472084774936714927e-04,6.021289774507604733e-04,6.717543597926272161e-04,6.484066982326990069e-04,5.274858175392461079e-04,3.090652601959964995e-04,0.000000000000000000e+00
0.000000000000000000e+00,-8.948602353765982111e-05,-1.974373723604128084e-04,-3.246688824882833658e-04,-4.716273661333220276e-04,-6.383529797292329796e-04,-8.244564154743610736e-04,-1.029113578534603590e-03,-1.251078227432707302e-03,-1.488711846793957421e-03,-1.740028890969923508e-03,-2.002754585864313912e-03,-2.274391782072684564e-03,-2.552292959713398871e-03,-2.833733401734489597e-03,-3.115981751027758952e-03,-3.396364593622455685e-03,-3.672322297292575106e-03,-3.941454013188206221e-03,-4.201550460411818122e-03,-4.450613822126712159e-03,-4.686864769816393578e-03,-4.908737297694657810e-03,-5.114862694007493368e-03,-5.304044593305712665e-03,-5.475227617811698547e-03,-5.627462577881360561e-03,-5.759871494516896791e-03,-5.871615760227989235e-03,-5.961870513423539117e-03,-6.029807747197460897e-03,-6.074589837753306860e-03,-6.095374147046551776e-03,-6.091328259626661336e-03,-6.061654409755547722e-03,-6.005620891237944264e-03,-5.922597834423748778e-03,-5.812094740700364179e-03,-5.673797573298621638e-03,-5.507603934780517553e-03,-5.313655781423699646e-03,-5.092370065805752050e-03,-4.844468490039421579e-03,-4.571008046947083042e-03,-4.273414128298364673e-03,-3.953517657313517994e-03,-3.613596996032494933e-03,-3.256424385293886156e-03,-2.885315529610587432e-03,-2.504179776275552126e-03,-2.117567257642691790e-03,-1.730708401696714376e-03,-1.349540318317524667e-03,-9.807136003835861902e-04,-6.315718311590569865e-04,-3.100943060574028534e-04,-2.478988255691437319e-05,2.154738036001105968e-04,4.017265255379755869e-04,5.252643930680629117e-04,5.781671982483617194e-04,5.540101778119310488e-04,4.488287245543390184e-04,2.624095936976940488e-04,0.000000000000000000e+00
0.000000000000000000e+00,-5.743063463691296534e-05,-1.267087662510048740e-04,-2.083528714932705069e-04,-3.026438781289242938e-04,-4.096003547761431236e-04,-5.289639054640899070e-04,-6.601958502883624284e-04,-8.024854953663716458e-04,-9.547695150465130946e-04,-1.115761240024236651e-03,-1.283988032701039372e-03,-1.457834486002974710e-03,-1.635588932525820337e-03,-1.815490701718304456e-03,-1.995775695567567499e-03,-2.174718132187184773e-03,-2.350666686769629834e-03,-2.522073695366941221e-03,-2.687516541749894114e-03,-2.845710797144688792e-03,-2.995515116801465878e-03,-3.135928316004015122e-03,-3.266079453962976442e-03,-3.385212144031648444e-03,-3.492664667271182678e-03,-3.587847762824932906e-03,-3.670222160166031807e-03,-3.739277959470142278e-03,-3.794517821431518147e-03,-3.835445584053293402e-03,-3.861561400914523701e-03,-3.872363847456399086e-03,-3.867358751819499445e-03,-3.846073872468371620e-03,-3.808078060711904585e-03,-3.753003284970405327e-03,-3.680567891728754246e-03,-3.590599728319933751e-03,-3.483058204845061300e-03,-3.358054942082494120e-03,-3.215873234610224646e-03,-3.056987046756333773e-03,-2.882080562481488008e-03,-2.692069369377112723e-03,-2.488124153586546670e-03,-2.271697342253606137e-03,-2.044552515505242488e-03,-1.808795704772220379e-03,-1.566906982195299123e-03,-1.321770087761140692e-03,-1.076697255302838272e-03,-8.354458510013770952e-04,-6.022228401193458576e-04,-3.816723163685201408e-04,-1.788402017120263024e-04,8.914205882818012835e-07,1.519102099670673880e-04,2.685327587595332140e-04,3.452342864713973123e-04,3.769713494957930167e-04,3.596266311695703734e-04,2.906128380088666605e-04,1.696822706744493723e-04,0.000000000000000000e+00
0.000000000000000000e+00,0.000000000000000000e+00,0.000000000000000000e+00,0.000000000000000000e+00,0.000000000000000000e+00,0.000000000000000000e+00,0.000000000000000000e+00,0.000000000000000000e+00,0.000000000000000000e+00,0.000000000000000000e+00,0.000000000000000000e+00,0.000000000000000000e+00,0.000000000000000000e+00,0.000000000000000000e+00,0.000000000000000000e+00,0.000000000000000000e+00,0.000000000000000000e+00,0.000000000000000000e+00,0.000000000000000000e+00,0.000000000000000000e+00,0.000000000000000000e+00,0.000000000000000000e+00,0.000000000000000000e+00,0.000000000000000000e+00,0.000000000000000000e+00,0.000000000000000000e+00,0.000000000000000000e+00,0.000000000000000000e+00,0.000000000000000000e+00,0.000000000000000000e+00,0.000000000000000000e+00,0.000000000000000000e+00,0.000000000000000000e+00,0.000000000000000000e+00,0.000000000000000000e+00,0.000000000000000000e+00,0.000000000000000000e+00,0.000000000000000000e+00,0.000000000000000000e+00,0.000000000000000000e+00,0.000000000000000000e+00,0.000000000000000000e+00,0.000000000000000000e+00,0.000000000000000000e+00,0.000000000000000000e+00,0.000000000000000000e+00,0.000000000000000000e+00,0.000000000000000000e+00,0.000000000000000000e+00,0.000000000000000000e+00,0.000000000000000000e+00,0.000000000000000000e+00,0.000000000000000000e+00,0.000000000000000000e+00,0.000000000000000000e+00,0.000000000000000000e+00,0.000000000000000000e+00,0.000000000000000000e+00,0.000000000000000000e+00,0.000000000000000000e+00,0.000000000000000000e+00,0.000000000000000000e+00,0.000000000000000000e+00,0.000000000000000000e+00,0.000000000000000000e+00
